<?xml version="1.0" encoding="utf-8"?>
<COLLADA xmlns="http://www.collada.org/2005/11/COLLADASchema" version="1.4.1">
  <asset>
    <contributor>
      <author>Mixamo</author>
      <authoring_tool>COLLADA Mixamo exporter</authoring_tool>
      <comments/>
    </contributor>
    <created>2018-09-02T15:46:20Z</created>
    <modified>2018-09-02T15:46:20Z</modified>
    <revision/>
    <title/>
    <unit meter="0.010000"/>
    <up_axis>Y_UP</up_axis>
  </asset>
  <library_animations>
    <animation id="burpeeStart" name="burpeeStart">
      <source id="mixamorig_Hips-Matrix-animation-input">
        <float_array id="mixamorig_Hips-Matrix-animation-input-array" count="51">

0.000000 0.033333 0.066667 0.100000 0.133333 0.166667 0.200000 0.233333 0.266667 0.300000 0.333333 0.366667 0.400000 0.433333 0.466667 0.500000
0.533333 0.566667 0.600000 0.633333 0.666667 0.700000 0.733333 0.766667 0.800000 0.833333 0.866667 0.900000 0.933333 0.966667 1.000000 1.033333
1.066667 1.100000 1.133333 1.166667 1.200000 1.233333 1.266667 1.300000 1.333333 1.366667 1.400000 1.433333 1.466667 1.500000 1.533333 1.566667
1.600000 1.633333 1.666667</float_array>
        <technique_common>
          <accessor source="#mixamorig_Hips-Matrix-animation-input-array" count="51">
            <param name="TIME" type="float"/>
          </accessor>
        </technique_common>
      </source>
      <source id="mixamorig_Hips-Matrix-animation-output-transform">
        <float_array id="mixamorig_Hips-Matrix-animation-output-transform-array" count="816">

0.997914 0.002308 -0.064512 0.000059 -0.006602 0.997770 -0.066418 0.965121 0.064214 0.066706 0.995704 -0.000539 0.000000 0.000000 0.000000 1.000000
0.998036 0.003076 -0.062572 0.000197 -0.007847 0.997067 -0.076132 0.964436 0.062155 0.076473 0.995132 -0.001728 0.000000 0.000000 0.000000 1.000000
0.998145 0.003844 -0.060755 0.000183 -0.009139 0.996156 -0.087120 0.962643 0.060186 0.087513 0.994344 -0.003805 0.000000 0.000000 0.000000 1.000000
0.998221 0.004453 -0.059452 0.000011 -0.010395 0.994932 -0.100013 0.959862 0.058705 0.100453 0.993208 -0.006768 0.000000 0.000000 0.000000 1.000000
0.998259 0.004863 -0.058779 -0.000239 -0.011635 0.993247 -0.115435 0.956373 0.057820 0.115918 0.991574 -0.010604 0.000000 0.000000 0.000000 1.000000
0.998266 0.005176 -0.058637 -0.000459 -0.013018 0.990876 -0.134147 0.952437 0.057408 0.134678 0.989225 -0.015402 0.000000 0.000000 0.000000 1.000000
0.998211 0.005484 -0.059540 -0.000714 -0.014814 0.987420 -0.157422 0.948302 0.057928 0.158023 0.985735 -0.021178 0.000000 0.000000 0.000000 1.000000
0.997965 0.005016 -0.063572 -0.001177 -0.016810 0.982335 -0.186372 0.944087 0.061514 0.187062 0.980420 -0.028055 0.000000 0.000000 0.000000 1.000000
0.997598 0.004214 -0.069142 -0.001785 -0.019590 0.974561 -0.223263 0.939961 0.066443 0.224081 0.972303 -0.036240 0.000000 0.000000 0.000000 1.000000
0.997255 0.003568 -0.073956 -0.002372 -0.023447 0.962652 -0.269726 0.936048 0.070231 0.270720 0.960093 -0.045892 0.000000 0.000000 0.000000 1.000000
0.997098 0.003572 -0.076043 -0.002735 -0.028270 0.944839 -0.326312 0.932400 0.070683 0.327515 0.942198 -0.057043 0.000000 0.000000 0.000000 1.000000
0.997064 0.004033 -0.076472 -0.002856 -0.033799 0.919256 -0.392206 0.928878 0.068715 0.393639 0.916693 -0.069313 0.000000 0.000000 0.000000 1.000000
0.996905 0.006384 -0.078362 -0.003294 -0.042203 0.884380 -0.464855 0.925935 0.066334 0.466723 0.881912 -0.081936 0.000000 0.000000 0.000000 1.000000
0.996639 0.011198 -0.081148 -0.004134 -0.053491 0.839223 -0.541150 0.923752 0.062042 0.543672 0.837002 -0.093944 0.000000 0.000000 0.000000 1.000000
0.996347 0.016911 -0.083703 -0.005055 -0.065177 0.783910 -0.617445 0.921548 0.055174 0.620645 0.782148 -0.104309 0.000000 0.000000 0.000000 1.000000
0.996234 0.020980 -0.084133 -0.005524 -0.073436 0.720069 -0.690006 0.917486 0.046105 0.693585 0.718898 -0.112127 0.000000 0.000000 0.000000 1.000000
0.996217 0.027435 -0.082453 -0.005958 -0.080472 0.649352 -0.756218 0.908848 0.032794 0.759993 0.649103 -0.117452 0.000000 0.000000 0.000000 1.000000
0.996255 0.036264 -0.078490 -0.005896 -0.084826 0.585733 -0.806053 0.891234 0.016744 0.809692 0.586616 -0.118716 0.000000 0.000000 0.000000 1.000000
0.996475 0.041760 -0.072760 -0.005335 -0.083803 0.535570 -0.840322 0.862790 0.003876 0.843458 0.537182 -0.115106 0.000000 0.000000 0.000000 1.000000
0.996891 0.042876 -0.066112 -0.004379 -0.078696 0.498964 -0.863042 0.824746 -0.004016 0.865561 0.500787 -0.106640 0.000000 0.000000 0.000000 1.000000
0.997171 0.043697 -0.061157 -0.003151 -0.074556 0.471727 -0.878587 0.781275 -0.009542 0.880661 0.473651 -0.094042 0.000000 0.000000 0.000000 1.000000
0.997181 0.044667 -0.060296 -0.001462 -0.074105 0.459822 -0.884914 0.738180 -0.011800 0.886887 0.461836 -0.077912 0.000000 0.000000 0.000000 1.000000
0.996958 0.046156 -0.062804 0.000113 -0.076865 0.448831 -0.890305 0.700987 -0.012905 0.892424 0.451014 -0.059457 0.000000 0.000000 0.000000 1.000000
0.997017 0.049053 -0.059588 0.004317 -0.074815 0.424538 -0.902314 0.677064 -0.018964 0.904080 0.426942 -0.025257 0.000000 0.000000 0.000000 1.000000
0.997444 0.051830 -0.049184 0.010507 -0.064960 0.371094 -0.926321 0.672765 -0.029759 0.927148 0.373512 0.021507 0.000000 0.000000 0.000000 1.000000
0.997948 0.051036 -0.038676 0.014585 -0.051178 0.272650 -0.960751 0.691508 -0.038488 0.960759 0.274702 0.060892 0.000000 0.000000 0.000000 1.000000
0.998307 0.044667 -0.037267 0.014571 -0.042735 0.128486 -0.990790 0.726004 -0.039468 0.990705 0.130177 0.082490 0.000000 0.000000 0.000000 1.000000
0.998389 0.038679 -0.041524 0.013782 -0.039149 -0.060259 -0.997415 0.773171 -0.041081 0.997433 -0.058648 0.114771 0.000000 0.000000 0.000000 1.000000
0.998321 0.033943 -0.046932 0.012870 -0.036918 -0.251450 -0.967166 0.818773 -0.044630 0.967275 -0.249774 0.159740 0.000000 0.000000 0.000000 1.000000
0.998238 0.030325 -0.051003 0.012530 -0.034960 -0.393948 -0.918467 0.851181 -0.047945 0.918632 -0.392194 0.205992 0.000000 0.000000 0.000000 1.000000
0.998278 0.026651 -0.052256 0.013578 -0.034504 -0.453646 -0.890514 0.864931 -0.047438 0.890783 -0.451946 0.235646 0.000000 0.000000 0.000000 1.000000
0.998349 0.028004 -0.050145 0.015371 -0.031334 -0.466126 -0.884163 0.867663 -0.048134 0.884275 -0.464479 0.254491 0.000000 0.000000 0.000000 1.000000
0.998283 0.031633 -0.049291 0.017705 -0.028714 -0.469160 -0.882646 0.854039 -0.051046 0.882546 -0.467446 0.271619 0.000000 0.000000 0.000000 1.000000
0.998332 0.033434 -0.047076 0.020318 -0.026329 -0.462011 -0.886483 0.825786 -0.051388 0.886244 -0.460360 0.278759 0.000000 0.000000 0.000000 1.000000
0.998626 0.033607 -0.040203 0.022840 -0.021528 -0.436348 -0.899520 0.789834 -0.047773 0.899150 -0.435026 0.271641 0.000000 0.000000 0.000000 1.000000
0.998987 0.035472 -0.027678 0.024890 -0.011919 -0.384540 -0.923031 0.755673 -0.043385 0.922426 -0.383728 0.253298 0.000000 0.000000 0.000000 1.000000
0.998959 0.038212 -0.024904 0.026588 -0.011169 -0.324459 -0.945834 0.721747 -0.044222 0.945128 -0.323694 0.232876 0.000000 0.000000 0.000000 1.000000
0.998738 0.039264 -0.031324 0.028502 -0.019571 -0.270141 -0.962622 0.684507 -0.046259 0.962020 -0.269032 0.213361 0.000000 0.000000 0.000000 1.000000
0.998418 0.038486 -0.040998 0.030968 -0.031451 -0.222187 -0.974497 0.641364 -0.046614 0.974244 -0.220625 0.195740 0.000000 0.000000 0.000000 1.000000
0.998024 0.035788 -0.051636 0.033830 -0.044292 -0.182087 -0.982284 0.589922 -0.044557 0.982631 -0.180142 0.180880 0.000000 0.000000 0.000000 1.000000
0.997390 0.031632 -0.064905 0.036489 -0.059354 -0.152677 -0.986492 0.528085 -0.041115 0.987770 -0.150401 0.169687 0.000000 0.000000 0.000000 1.000000
0.996591 0.024985 -0.078624 0.038466 -0.074965 -0.123606 -0.989496 0.452228 -0.034441 0.992017 -0.121312 0.161596 0.000000 0.000000 0.000000 1.000000
0.995895 0.017135 -0.088877 0.039911 -0.087071 -0.086860 -0.992408 0.389671 -0.024724 0.996073 -0.085012 0.157984 0.000000 0.000000 0.000000 1.000000
0.995513 0.010423 -0.094052 0.040399 -0.093363 -0.053805 -0.994177 0.332252 -0.015423 0.998497 -0.052591 0.158514 0.000000 0.000000 0.000000 1.000000
0.995517 0.007828 -0.094256 0.039405 -0.093907 -0.036924 -0.994896 0.275543 -0.011269 0.999287 -0.036023 0.161231 0.000000 0.000000 0.000000 1.000000
0.995727 0.012187 -0.091534 0.036644 -0.090944 -0.042398 -0.994953 0.223605 -0.016006 0.999026 -0.041109 0.163335 0.000000 0.000000 0.000000 1.000000
0.996076 0.017572 -0.086739 0.033614 -0.085818 -0.047679 -0.995169 0.180581 -0.021623 0.998708 -0.045984 0.165545 0.000000 0.000000 0.000000 1.000000
0.995370 0.018412 -0.094336 0.031917 -0.093683 -0.033611 -0.995035 0.146414 -0.021491 0.999265 -0.031730 0.167963 0.000000 0.000000 0.000000 1.000000
0.994449 0.019647 -0.103370 0.031827 -0.103178 -0.010548 -0.994607 0.130797 -0.020632 0.999751 -0.008463 0.169550 0.000000 0.000000 0.000000 1.000000
0.994886 0.022988 -0.098349 0.032832 -0.098588 0.009478 -0.995083 0.136408 -0.021943 0.999691 0.011696 0.169507 0.000000 0.000000 0.000000 1.000000
0.997325 0.025860 -0.068363 0.033952 -0.068884 0.019843 -0.997427 0.156423 -0.024437 0.999469 0.021571 0.167722 0.000000 0.000000 0.000000 1.000000</float_array>
        <technique_common>
          <accessor source="#mixamorig_Hips-Matrix-animation-output-transform-array" count="51" stride="16">
            <param type="float4x4"/>
          </accessor>
        </technique_common>
      </source>
      <source id="mixamorig_Hips-Interpolations">
        <Name_array id="mixamorig_Hips-Interpolations-array" count="51">
 LINEAR LINEAR LINEAR LINEAR LINEAR LINEAR LINEAR LINEAR LINEAR LINEAR LINEAR
LINEAR LINEAR LINEAR LINEAR LINEAR LINEAR LINEAR LINEAR LINEAR LINEAR LINEAR LINEAR
LINEAR LINEAR LINEAR LINEAR LINEAR LINEAR LINEAR LINEAR LINEAR LINEAR LINEAR LINEAR
LINEAR LINEAR LINEAR LINEAR LINEAR LINEAR LINEAR LINEAR LINEAR LINEAR LINEAR LINEAR
LINEAR LINEAR LINEAR LINEAR</Name_array>
        <technique_common>
          <accessor source="#mixamorig_Hips-Interpolations-array" count="51">
            <param type="name"/>
          </accessor>
        </technique_common>
      </source>
      <sampler id="mixamorig_Hips-Matrix-animation-transform">
        <input semantic="INPUT" source="#mixamorig_Hips-Matrix-animation-input"/>
        <input semantic="OUTPUT" source="#mixamorig_Hips-Matrix-animation-output-transform"/>
        <input semantic="INTERPOLATION" source="#mixamorig_Hips-Interpolations"/>
      </sampler>
      <channel source="#mixamorig_Hips-Matrix-animation-transform" target="mixamorig_Hips/matrix"/>
      <source id="mixamorig_Spine-Matrix-animation-input">
        <float_array id="mixamorig_Spine-Matrix-animation-input-array" count="51">

0.000000 0.033333 0.066667 0.100000 0.133333 0.166667 0.200000 0.233333 0.266667 0.300000 0.333333 0.366667 0.400000 0.433333 0.466667 0.500000
0.533333 0.566667 0.600000 0.633333 0.666667 0.700000 0.733333 0.766667 0.800000 0.833333 0.866667 0.900000 0.933333 0.966667 1.000000 1.033333
1.066667 1.100000 1.133333 1.166667 1.200000 1.233333 1.266667 1.300000 1.333333 1.366667 1.400000 1.433333 1.466667 1.500000 1.533333 1.566667
1.600000 1.633333 1.666667</float_array>
        <technique_common>
          <accessor source="#mixamorig_Spine-Matrix-animation-input-array" count="51">
            <param name="TIME" type="float"/>
          </accessor>
        </technique_common>
      </source>
      <source id="mixamorig_Spine-Matrix-animation-output-transform">
        <float_array id="mixamorig_Spine-Matrix-animation-output-transform-array" count="816">

0.999984 0.000389 0.005556 0.000000 -0.000632 0.999044 0.043711 0.092200 -0.005534 -0.043714 0.999029 -0.004300 0.000000 0.000000 0.000000 1.000000
0.999984 0.000152 0.005698 -0.000000 -0.000397 0.999078 0.042929 0.092200 -0.005686 -0.042931 0.999062 -0.004300 0.000000 0.000000 0.000000 1.000000
0.999983 -0.000144 0.005872 0.000000 -0.000102 0.999124 0.041838 0.092200 -0.005873 -0.041838 0.999107 -0.004300 0.000000 0.000000 0.000000 1.000000
0.999981 -0.000502 0.006069 0.000000 0.000257 0.999188 0.040289 0.092200 -0.006085 -0.040287 0.999170 -0.004300 0.000000 0.000000 0.000000 1.000000
0.999980 -0.000955 0.006247 0.000000 0.000716 0.999271 0.038176 0.092200 -0.006279 -0.038171 0.999251 -0.004300 0.000000 0.000000 0.000000 1.000000
0.999979 -0.001574 0.006348 0.000000 0.001348 0.999372 0.035416 0.092200 -0.006400 -0.035406 0.999353 -0.004300 0.000000 0.000000 0.000000 1.000000
0.999977 -0.002364 0.006429 0.000000 0.002158 0.999489 0.031896 0.092200 -0.006501 -0.031881 0.999471 -0.004300 0.000000 0.000000 0.000000 1.000000
0.999974 -0.003200 0.006503 -0.000000 0.003018 0.999608 0.027834 0.092200 -0.006589 -0.027813 0.999591 -0.004300 0.000000 0.000000 0.000000 1.000000
0.999971 -0.004030 0.006386 0.000000 0.003879 0.999717 0.023484 0.092200 -0.006478 -0.023459 0.999704 -0.004300 0.000000 0.000000 0.000000 1.000000
0.999970 -0.004826 0.006032 0.000000 0.004711 0.999808 0.019014 0.092200 -0.006122 -0.018985 0.999801 -0.004300 0.000000 0.000000 0.000000 1.000000
0.999969 -0.005590 0.005611 0.000000 0.005508 0.999880 0.014470 0.092200 -0.005691 -0.014438 0.999880 -0.004300 0.000000 0.000000 0.000000 1.000000
0.999963 -0.006412 0.005655 0.000000 0.006356 0.999932 0.009774 0.092200 -0.005717 -0.009737 0.999936 -0.004300 0.000000 0.000000 0.000000 1.000000
0.999952 -0.007471 0.006329 -0.000000 0.007440 0.999960 0.005002 0.092200 -0.006366 -0.004955 0.999967 -0.004300 0.000000 0.000000 0.000000 1.000000
0.999936 -0.008622 0.007378 0.000000 0.008619 0.999963 0.000365 0.092200 -0.007381 -0.000301 0.999973 -0.004300 0.000000 0.000000 0.000000 1.000000
0.999916 -0.009808 0.008522 -0.000000 0.009841 0.999944 -0.003910 0.092200 -0.008483 0.003994 0.999956 -0.004300 0.000000 0.000000 0.000000 1.000000
0.999891 -0.011186 0.009585 -0.000000 0.011261 0.999907 -0.007740 0.092200 -0.009498 0.007847 0.999924 -0.004300 0.000000 0.000000 0.000000 1.000000
0.999849 -0.013591 0.010829 0.000000 0.013720 0.999835 -0.011938 0.092200 -0.010665 0.012085 0.999870 -0.004300 0.000000 0.000000 0.000000 1.000000
0.999791 -0.016277 0.012396 -0.000000 0.016501 0.999700 -0.018115 0.092200 -0.012097 0.018316 0.999759 -0.004300 0.000000 0.000000 0.000000 1.000000
0.999740 -0.018106 0.013870 0.000000 0.018459 0.999498 -0.025765 0.092200 -0.013396 0.026015 0.999572 -0.004300 0.000000 0.000000 0.000000 1.000000
0.999709 -0.019050 0.014791 -0.000000 0.019543 0.999235 -0.033869 0.092200 -0.014135 0.034149 0.999317 -0.004300 0.000000 0.000000 0.000000 1.000000
0.999686 -0.020178 0.014860 -0.000000 0.020779 0.998923 -0.041494 0.092200 -0.014006 0.041789 0.999028 -0.004300 0.000000 0.000000 0.000000 1.000000
0.999653 -0.022146 0.014274 0.000000 0.022832 0.998496 -0.049839 0.092200 -0.013149 0.050147 0.998655 -0.004300 0.000000 0.000000 0.000000 1.000000
0.999654 -0.022854 0.013049 0.000000 0.023589 0.997966 -0.059224 0.092200 -0.011669 0.059511 0.998159 -0.004300 0.000000 0.000000 0.000000 1.000000
0.999706 -0.021408 0.011413 -0.000000 0.022143 0.997392 -0.068699 0.092200 -0.009913 0.068932 0.997572 -0.004300 0.000000 0.000000 0.000000 1.000000
0.999791 -0.017942 0.009752 0.000000 0.018637 0.996889 -0.076577 0.092200 -0.008348 0.076743 0.997016 -0.004300 0.000000 0.000000 0.000000 1.000000
0.999872 -0.013557 0.008510 0.000000 0.014199 0.996648 -0.080572 0.092200 -0.007390 0.080682 0.996712 -0.004300 0.000000 0.000000 0.000000 1.000000
0.999923 -0.009984 0.007381 0.000000 0.010525 0.996954 -0.077273 0.092200 -0.006587 0.077344 0.996983 -0.004300 0.000000 0.000000 0.000000 1.000000
0.999951 -0.007996 0.005807 -0.000000 0.008362 0.997782 -0.066039 0.092200 -0.005266 0.066085 0.997800 -0.004300 0.000000 0.000000 0.000000 1.000000
0.999968 -0.007074 0.003845 0.000000 0.007267 0.998583 -0.052713 0.092200 -0.003466 0.052739 0.998602 -0.004300 0.000000 0.000000 0.000000 1.000000
0.999977 -0.006560 0.001695 0.000000 0.006627 0.999065 -0.042714 0.092200 -0.001413 0.042724 0.999086 -0.004300 0.000000 0.000000 0.000000 1.000000
0.999982 -0.005967 -0.000265 -0.000000 0.005952 0.999230 -0.038770 0.092200 0.000496 0.038768 0.999248 -0.004300 0.000000 0.000000 0.000000 1.000000
0.999985 -0.005415 -0.000869 0.000000 0.005381 0.999360 -0.035354 0.092200 0.001060 0.035349 0.999374 -0.004300 0.000000 0.000000 0.000000 1.000000
0.999985 -0.005388 -0.000076 0.000000 0.005384 0.999588 -0.028203 0.092200 0.000228 0.028202 0.999602 -0.004300 0.000000 0.000000 0.000000 1.000000
0.999982 -0.005872 0.000814 0.000000 0.005886 0.999793 -0.019485 0.092200 -0.000699 0.019489 0.999810 -0.004300 0.000000 0.000000 0.000000 1.000000
0.999977 -0.006712 0.001187 -0.000000 0.006726 0.999902 -0.012297 0.092200 -0.001105 0.012304 0.999924 -0.004300 0.000000 0.000000 0.000000 1.000000
0.999970 -0.007663 0.001312 0.000000 0.007674 0.999930 -0.009027 0.092200 -0.001242 0.009037 0.999958 -0.004300 0.000000 0.000000 0.000000 1.000000
0.999967 -0.008098 0.001158 0.000000 0.008107 0.999937 -0.007757 0.092200 -0.001095 0.007766 0.999969 -0.004300 0.000000 0.000000 0.000000 1.000000
0.999972 -0.007454 0.000782 0.000000 0.007459 0.999956 -0.005721 0.092200 -0.000739 0.005727 0.999983 -0.004300 0.000000 0.000000 0.000000 1.000000
0.999978 -0.006555 0.000866 0.000000 0.006556 0.999977 -0.001608 0.092200 -0.000856 0.001614 0.999998 -0.004300 0.000000 0.000000 0.000000 1.000000
0.999983 -0.005629 0.001534 -0.000000 0.005622 0.999975 0.004362 0.092200 -0.001558 -0.004353 0.999989 -0.004300 0.000000 0.000000 0.000000 1.000000
0.999989 -0.004100 0.002291 -0.000000 0.004076 0.999938 0.010385 0.092200 -0.002333 -0.010375 0.999943 -0.004300 0.000000 0.000000 0.000000 1.000000
0.999996 -0.001177 0.002737 -0.000000 0.001143 0.999923 0.012385 0.092200 -0.002751 -0.012381 0.999920 -0.004300 0.000000 0.000000 0.000000 1.000000
0.999992 0.001369 0.003863 0.000000 -0.001414 0.999934 0.011432 0.092200 -0.003847 -0.011437 0.999927 -0.004300 0.000000 0.000000 0.000000 1.000000
0.999978 0.003851 0.005340 -0.000000 -0.003918 0.999914 0.012495 0.092200 -0.005291 -0.012516 0.999908 -0.004300 0.000000 0.000000 0.000000 1.000000
0.999957 0.006464 0.006718 -0.000000 -0.006586 0.999810 0.018325 0.092200 -0.006598 -0.018369 0.999810 -0.004300 0.000000 0.000000 0.000000 1.000000
0.999929 0.009089 0.007708 -0.000000 -0.009302 0.999565 0.027972 0.092200 -0.007451 -0.028042 0.999579 -0.004300 0.000000 0.000000 0.000000 1.000000
0.999887 0.012246 0.008744 0.000000 -0.012541 0.999322 0.034628 0.092200 -0.008314 -0.034734 0.999362 -0.004300 0.000000 0.000000 0.000000 1.000000
0.999837 0.013525 0.011997 0.000000 -0.013939 0.999285 0.035153 0.092200 -0.011513 -0.035314 0.999310 -0.004300 0.000000 0.000000 0.000000 1.000000
0.999775 0.010717 0.018282 0.000000 -0.011277 0.999461 0.030815 0.092200 -0.017941 -0.031014 0.999358 -0.004300 0.000000 0.000000 0.000000 1.000000
0.999628 0.003627 0.027029 -0.000000 -0.004289 0.999691 0.024496 0.092200 -0.026932 -0.024603 0.999334 -0.004300 0.000000 0.000000 0.000000 1.000000
0.999316 -0.005915 0.036507 -0.000000 0.005212 0.999800 0.019304 0.092200 -0.036614 -0.019101 0.999147 -0.004300 0.000000 0.000000 0.000000 1.000000</float_array>
        <technique_common>
          <accessor source="#mixamorig_Spine-Matrix-animation-output-transform-array" count="51" stride="16">
            <param type="float4x4"/>
          </accessor>
        </technique_common>
      </source>
      <source id="mixamorig_Spine-Interpolations">
        <Name_array id="mixamorig_Spine-Interpolations-array" count="51">
 LINEAR LINEAR LINEAR LINEAR LINEAR LINEAR LINEAR LINEAR LINEAR LINEAR LINEAR
LINEAR LINEAR LINEAR LINEAR LINEAR LINEAR LINEAR LINEAR LINEAR LINEAR LINEAR LINEAR
LINEAR LINEAR LINEAR LINEAR LINEAR LINEAR LINEAR LINEAR LINEAR LINEAR LINEAR LINEAR
LINEAR LINEAR LINEAR LINEAR LINEAR LINEAR LINEAR LINEAR LINEAR LINEAR LINEAR LINEAR
LINEAR LINEAR LINEAR LINEAR</Name_array>
        <technique_common>
          <accessor source="#mixamorig_Spine-Interpolations-array" count="51">
            <param type="name"/>
          </accessor>
        </technique_common>
      </source>
      <sampler id="mixamorig_Spine-Matrix-animation-transform">
        <input semantic="INPUT" source="#mixamorig_Spine-Matrix-animation-input"/>
        <input semantic="OUTPUT" source="#mixamorig_Spine-Matrix-animation-output-transform"/>
        <input semantic="INTERPOLATION" source="#mixamorig_Spine-Interpolations"/>
      </sampler>
      <channel source="#mixamorig_Spine-Matrix-animation-transform" target="mixamorig_Spine/matrix"/>
      <source id="mixamorig_Spine1-Matrix-animation-input">
        <float_array id="mixamorig_Spine1-Matrix-animation-input-array" count="51">

0.000000 0.033333 0.066667 0.100000 0.133333 0.166667 0.200000 0.233333 0.266667 0.300000 0.333333 0.366667 0.400000 0.433333 0.466667 0.500000
0.533333 0.566667 0.600000 0.633333 0.666667 0.700000 0.733333 0.766667 0.800000 0.833333 0.866667 0.900000 0.933333 0.966667 1.000000 1.033333
1.066667 1.100000 1.133333 1.166667 1.200000 1.233333 1.266667 1.300000 1.333333 1.366667 1.400000 1.433333 1.466667 1.500000 1.533333 1.566667
1.600000 1.633333 1.666667</float_array>
        <technique_common>
          <accessor source="#mixamorig_Spine1-Matrix-animation-input-array" count="51">
            <param name="TIME" type="float"/>
          </accessor>
        </technique_common>
      </source>
      <source id="mixamorig_Spine1-Matrix-animation-output-transform">
        <float_array id="mixamorig_Spine1-Matrix-animation-output-transform-array" count="816">

0.999950 0.002162 0.009809 -0.000000 -0.002075 0.999958 -0.008922 0.107600 -0.009828 0.008902 0.999912 0.000000 0.000000 0.000000 0.000000 1.000000
0.999948 0.001856 0.009997 0.000000 -0.001751 0.999944 -0.010480 0.107600 -0.010016 0.010462 0.999895 -0.000000 0.000000 0.000000 0.000000 1.000000
0.999947 0.001463 0.010222 0.000000 -0.001333 0.999919 -0.012650 0.107600 -0.010239 0.012635 0.999868 0.000000 0.000000 0.000000 0.000000 1.000000
0.999945 0.000913 0.010477 0.000000 -0.000749 0.999878 -0.015596 0.107600 -0.010490 0.015587 0.999823 0.000000 0.000000 0.000000 0.000000 1.000000
0.999943 0.000136 0.010714 0.000000 0.000071 0.999813 -0.019357 0.107600 -0.010714 0.019356 0.999755 0.000000 0.000000 0.000000 0.000000 1.000000
0.999941 -0.000909 0.010860 0.000000 0.001168 0.999713 -0.023918 0.107600 -0.010835 0.023930 0.999655 0.000000 0.000000 0.000000 0.000000 1.000000
0.999938 -0.002060 0.010970 0.000000 0.002381 0.999566 -0.029369 0.107600 -0.010905 0.029393 0.999508 0.000000 0.000000 0.000000 0.000000 1.000000
0.999934 -0.003068 0.011047 0.000000 0.003458 0.999365 -0.035468 0.107600 -0.010932 0.035504 0.999310 -0.000000 0.000000 0.000000 0.000000 1.000000
0.999933 -0.004065 0.010875 0.000000 0.004518 0.999111 -0.041905 0.107600 -0.010695 0.041951 0.999062 -0.000000 0.000000 0.000000 0.000000 1.000000
0.999932 -0.005244 0.010419 0.000000 0.005743 0.998807 -0.048497 0.107600 -0.010152 0.048554 0.998769 -0.000000 0.000000 0.000000 0.000000 1.000000
0.999928 -0.006750 0.009914 0.000000 0.007287 0.998447 -0.055234 0.107600 -0.009526 0.055302 0.998424 0.000000 0.000000 0.000000 0.000000 1.000000
0.999914 -0.008432 0.010019 0.000000 0.009040 0.998016 -0.062311 0.107600 -0.009474 0.062396 0.998006 -0.000000 0.000000 0.000000 0.000000 1.000000
0.999889 -0.010168 0.010903 0.000000 0.010903 0.997513 -0.069635 0.107600 -0.010168 0.069746 0.997513 -0.000000 0.000000 0.000000 0.000000 1.000000
0.999856 -0.011789 0.012245 0.000000 0.012697 0.996955 -0.076935 0.107600 -0.011300 0.077080 0.996961 -0.000000 0.000000 0.000000 0.000000 1.000000
0.999817 -0.013358 0.013717 0.000000 0.014464 0.996366 -0.083933 0.107600 -0.012546 0.084116 0.996377 0.000000 0.000000 0.000000 0.000000 1.000000
0.999769 -0.015260 0.015145 0.000000 0.016570 0.995758 -0.090506 0.107600 -0.013699 0.090736 0.995781 -0.000000 0.000000 0.000000 0.000000 1.000000
0.999684 -0.018695 0.016833 0.000000 0.020248 0.995038 -0.097410 0.107600 -0.014928 0.097720 0.995102 0.000000 0.000000 0.000000 0.000000 1.000000
0.999562 -0.022802 0.018871 0.000000 0.024681 0.994039 -0.106191 0.107600 -0.016337 0.106610 0.994167 -0.000000 0.000000 0.000000 0.000000 1.000000
0.999455 -0.025682 0.020738 -0.000000 0.027928 0.992803 -0.116456 0.107600 -0.017598 0.116972 0.992979 -0.000000 0.000000 0.000000 0.000000 1.000000
0.999405 -0.026672 0.021875 0.000000 0.029255 0.991369 -0.127797 0.107600 -0.018278 0.128360 0.991559 0.000000 0.000000 0.000000 0.000000 1.000000
0.999405 -0.026609 0.021926 -0.000000 0.029426 0.989683 -0.140223 0.107600 -0.017969 0.140785 0.989877 -0.000000 0.000000 0.000000 0.000000 1.000000
0.999409 -0.027067 0.021176 -0.000000 0.030034 0.987394 -0.155403 0.107600 -0.016702 0.155947 0.987624 0.000000 0.000000 0.000000 0.000000 1.000000
0.999449 -0.026976 0.019319 -0.000000 0.029888 0.984790 -0.171161 0.107600 -0.014408 0.171645 0.985054 -0.000000 0.000000 0.000000 0.000000 1.000000
0.999540 -0.025406 0.016533 0.000000 0.028025 0.982403 -0.184658 0.107600 -0.011551 0.185037 0.982664 0.000000 0.000000 0.000000 0.000000 1.000000
0.999669 -0.021939 0.013440 0.000000 0.024131 0.980708 -0.193985 0.107600 -0.008925 0.194246 0.980912 0.000000 0.000000 0.000000 0.000000 1.000000
0.999798 -0.016870 0.010944 0.000000 0.018706 0.979961 -0.198310 0.107600 -0.007379 0.198474 0.980078 0.000000 0.000000 0.000000 0.000000 1.000000
0.999890 -0.011768 0.009077 0.000000 0.013322 0.980430 -0.196416 0.107600 -0.006588 0.196515 0.980479 0.000000 0.000000 0.000000 0.000000 1.000000
0.999940 -0.008356 0.007146 -0.000000 0.009544 0.982356 -0.186776 0.107600 -0.005459 0.186832 0.982377 -0.000000 0.000000 0.000000 0.000000 1.000000
0.999964 -0.006908 0.004887 -0.000000 0.007653 0.984718 -0.173991 0.107600 -0.003610 0.174022 0.984735 0.000000 0.000000 0.000000 0.000000 1.000000
0.999972 -0.007083 0.002328 -0.000000 0.007368 0.986566 -0.163195 0.107600 -0.001141 0.163208 0.986591 -0.000000 0.000000 0.000000 0.000000 1.000000
0.999967 -0.008135 -0.000115 -0.000000 0.008015 0.987449 -0.157737 0.107600 0.001397 0.157731 0.987481 0.000000 0.000000 0.000000 0.000000 1.000000
0.999957 -0.009114 -0.001573 0.000000 0.008769 0.988348 -0.151957 0.107600 0.002940 0.151937 0.988386 0.000000 0.000000 0.000000 0.000000 1.000000
0.999952 -0.009621 -0.001664 -0.000000 0.009300 0.990425 -0.137736 0.107600 0.002974 0.137714 0.990468 0.000000 0.000000 0.000000 0.000000 1.000000
0.999950 -0.009960 -0.000937 0.000000 0.009782 0.993062 -0.117186 0.107600 0.002097 0.117171 0.993110 0.000000 0.000000 0.000000 0.000000 1.000000
0.999947 -0.010266 -0.000233 -0.000000 0.010195 0.995268 -0.096636 0.107600 0.001224 0.096629 0.995320 0.000000 0.000000 0.000000 0.000000 1.000000
0.999947 -0.010267 -0.000390 -0.000000 0.010198 0.996412 -0.084023 0.107600 0.001251 0.084014 0.996464 -0.000000 0.000000 0.000000 0.000000 1.000000
0.999958 -0.009097 -0.001493 0.000000 0.008947 0.996714 -0.080503 0.107600 0.002220 0.080486 0.996753 0.000000 0.000000 0.000000 0.000000 1.000000
0.999970 -0.007358 -0.002270 -0.000000 0.007153 0.996764 -0.080066 0.107600 0.002852 0.080047 0.996787 -0.000000 0.000000 0.000000 0.000000 1.000000
0.999980 -0.006008 -0.001989 -0.000000 0.005834 0.996928 -0.078107 0.107600 0.002453 0.078093 0.996943 0.000000 0.000000 0.000000 0.000000 1.000000
0.999985 -0.005372 -0.000645 0.000000 0.005311 0.997329 -0.072846 0.107600 0.001034 0.072842 0.997343 0.000000 0.000000 0.000000 0.000000 1.000000
0.999987 -0.004971 0.001111 -0.000000 0.005034 0.997818 -0.065834 0.107600 -0.000781 0.065839 0.997830 -0.000000 0.000000 0.000000 0.000000 1.000000
0.999990 -0.003462 0.002753 0.000000 0.003629 0.997999 -0.063133 0.107600 -0.002529 0.063142 0.998001 0.000000 0.000000 0.000000 0.000000 1.000000
0.999989 -0.000839 0.004589 -0.000000 0.001135 0.997900 -0.064770 0.107600 -0.004525 0.064775 0.997890 -0.000000 0.000000 0.000000 0.000000 1.000000
0.999976 0.001935 0.006602 -0.000000 -0.001506 0.997925 -0.064365 0.107600 -0.006713 0.064354 0.997905 0.000000 0.000000 0.000000 0.000000 1.000000
0.999954 0.004312 0.008564 0.000000 -0.003809 0.998316 -0.057879 0.107600 -0.008799 0.057843 0.998287 -0.000000 0.000000 0.000000 0.000000 1.000000
0.999928 0.006419 0.010123 -0.000000 -0.005950 0.998935 -0.045762 0.107600 -0.010406 0.045699 0.998901 -0.000000 0.000000 0.000000 0.000000 1.000000
0.999892 0.009084 0.011531 -0.000000 -0.008659 0.999299 -0.036412 0.107600 -0.011853 0.036309 0.999270 0.000000 0.000000 0.000000 0.000000 1.000000
0.999848 0.010709 0.013768 0.000000 -0.010251 0.999404 -0.032962 0.107600 -0.014113 0.032816 0.999362 0.000000 0.000000 0.000000 0.000000 1.000000
0.999812 0.009293 0.017031 -0.000000 -0.008725 0.999414 -0.033102 0.107600 -0.017329 0.032947 0.999307 0.000000 0.000000 0.000000 0.000000 1.000000
0.999767 0.004340 0.021124 0.000000 -0.003628 0.999429 -0.033606 0.107600 -0.021257 0.033522 0.999212 0.000000 0.000000 0.000000 0.000000 1.000000
0.999670 -0.002914 0.025524 0.000000 0.003729 0.999483 -0.031940 0.107600 -0.025418 0.032024 0.999164 0.000000 0.000000 0.000000 0.000000 1.000000</float_array>
        <technique_common>
          <accessor source="#mixamorig_Spine1-Matrix-animation-output-transform-array" count="51" stride="16">
            <param type="float4x4"/>
          </accessor>
        </technique_common>
      </source>
      <source id="mixamorig_Spine1-Interpolations">
        <Name_array id="mixamorig_Spine1-Interpolations-array" count="51">
 LINEAR LINEAR LINEAR LINEAR LINEAR LINEAR LINEAR LINEAR LINEAR LINEAR LINEAR
LINEAR LINEAR LINEAR LINEAR LINEAR LINEAR LINEAR LINEAR LINEAR LINEAR LINEAR LINEAR
LINEAR LINEAR LINEAR LINEAR LINEAR LINEAR LINEAR LINEAR LINEAR LINEAR LINEAR LINEAR
LINEAR LINEAR LINEAR LINEAR LINEAR LINEAR LINEAR LINEAR LINEAR LINEAR LINEAR LINEAR
LINEAR LINEAR LINEAR LINEAR</Name_array>
        <technique_common>
          <accessor source="#mixamorig_Spine1-Interpolations-array" count="51">
            <param type="name"/>
          </accessor>
        </technique_common>
      </source>
      <sampler id="mixamorig_Spine1-Matrix-animation-transform">
        <input semantic="INPUT" source="#mixamorig_Spine1-Matrix-animation-input"/>
        <input semantic="OUTPUT" source="#mixamorig_Spine1-Matrix-animation-output-transform"/>
        <input semantic="INTERPOLATION" source="#mixamorig_Spine1-Interpolations"/>
      </sampler>
      <channel source="#mixamorig_Spine1-Matrix-animation-transform" target="mixamorig_Spine1/matrix"/>
      <source id="mixamorig_Spine2-Matrix-animation-input">
        <float_array id="mixamorig_Spine2-Matrix-animation-input-array" count="51">

0.000000 0.033333 0.066667 0.100000 0.133333 0.166667 0.200000 0.233333 0.266667 0.300000 0.333333 0.366667 0.400000 0.433333 0.466667 0.500000
0.533333 0.566667 0.600000 0.633333 0.666667 0.700000 0.733333 0.766667 0.800000 0.833333 0.866667 0.900000 0.933333 0.966667 1.000000 1.033333
1.066667 1.100000 1.133333 1.166667 1.200000 1.233333 1.266667 1.300000 1.333333 1.366667 1.400000 1.433333 1.466667 1.500000 1.533333 1.566667
1.600000 1.633333 1.666667</float_array>
        <technique_common>
          <accessor source="#mixamorig_Spine2-Matrix-animation-input-array" count="51">
            <param name="TIME" type="float"/>
          </accessor>
        </technique_common>
      </source>
      <source id="mixamorig_Spine2-Matrix-animation-output-transform">
        <float_array id="mixamorig_Spine2-Matrix-animation-output-transform-array" count="816">

0.999949 0.002267 0.009838 -0.000000 -0.002180 0.999958 -0.008866 0.123000 -0.009858 0.008844 0.999912 0.000000 0.000000 0.000000 0.000000 1.000000
0.999948 0.001961 0.010038 0.000000 -0.001856 0.999944 -0.010422 0.123000 -0.010058 0.010403 0.999895 0.000000 0.000000 0.000000 0.000000 1.000000
0.999946 0.001567 0.010280 0.000000 -0.001438 0.999920 -0.012590 0.123000 -0.010299 0.012575 0.999868 0.000000 0.000000 0.000000 0.000000 1.000000
0.999944 0.001017 0.010559 0.000000 -0.000853 0.999879 -0.015534 0.123000 -0.010573 0.015524 0.999824 0.000000 0.000000 0.000000 0.000000 1.000000
0.999941 0.000240 0.010826 0.000000 -0.000031 0.999814 -0.019293 0.123000 -0.010829 0.019291 0.999755 0.000000 0.000000 0.000000 0.000000 1.000000
0.999939 -0.000804 0.011011 0.000000 0.001067 0.999715 -0.023853 0.123000 -0.010988 0.023863 0.999655 0.000000 0.000000 0.000000 0.000000 1.000000
0.999936 -0.001954 0.011163 0.000000 0.002281 0.999568 -0.029303 0.123000 -0.011101 0.029327 0.999508 -0.000000 0.000000 0.000000 0.000000 1.000000
0.999932 -0.002961 0.011280 0.000000 0.003358 0.999368 -0.035402 0.123000 -0.011168 0.035437 0.999309 0.000000 0.000000 0.000000 0.000000 1.000000
0.999930 -0.003954 0.011150 0.000000 0.004418 0.999115 -0.041840 0.123000 -0.010974 0.041887 0.999062 0.000000 0.000000 0.000000 0.000000 1.000000
0.999929 -0.005125 0.010746 -0.000000 0.005640 0.998810 -0.048436 0.123000 -0.010485 0.048493 0.998768 -0.000000 0.000000 0.000000 0.000000 1.000000
0.999925 -0.006619 0.010313 0.000000 0.007179 0.998451 -0.055176 0.123000 -0.009932 0.055246 0.998423 0.000000 0.000000 0.000000 0.000000 1.000000
0.999911 -0.008292 0.010497 0.000000 0.008930 0.998021 -0.062252 0.123000 -0.009960 0.062340 0.998005 0.000000 0.000000 0.000000 0.000000 1.000000
0.999884 -0.010025 0.011448 0.000000 0.010798 0.997519 -0.069568 0.123000 -0.010722 0.069684 0.997511 0.000000 0.000000 0.000000 0.000000 1.000000
0.999850 -0.011651 0.012840 -0.000000 0.012604 0.996962 -0.076859 0.123000 -0.011905 0.077009 0.996959 -0.000000 0.000000 0.000000 0.000000 1.000000
0.999810 -0.013232 0.014346 0.000000 0.014390 0.996375 -0.083845 0.123000 -0.013184 0.084035 0.996376 -0.000000 0.000000 0.000000 0.000000 1.000000
0.999760 -0.015154 0.015790 0.000000 0.016521 0.995768 -0.090405 0.123000 -0.014354 0.090645 0.995780 0.000000 0.000000 0.000000 0.000000 1.000000
0.999674 -0.018608 0.017504 0.000000 0.020226 0.995050 -0.097293 0.123000 -0.015607 0.097615 0.995102 -0.000000 0.000000 0.000000 0.000000 1.000000
0.999549 -0.022726 0.019644 0.000000 0.024685 0.994054 -0.106050 0.123000 -0.017117 0.106487 0.994167 0.000000 0.000000 0.000000 0.000000 1.000000
0.999438 -0.025609 0.021646 -0.000000 0.027959 0.992821 -0.116295 0.123000 -0.018513 0.116834 0.992979 -0.000000 0.000000 0.000000 0.000000 1.000000
0.999385 -0.026613 0.022836 0.000000 0.029316 0.991389 -0.127627 0.123000 -0.019243 0.128218 0.991559 0.000000 0.000000 0.000000 0.000000 1.000000
0.999388 -0.026594 0.022721 -0.000000 0.029520 0.989702 -0.140069 0.123000 -0.018762 0.140654 0.989881 0.000000 0.000000 0.000000 0.000000 1.000000
0.999398 -0.027115 0.021642 0.000000 0.030152 0.987410 -0.155281 0.123000 -0.017159 0.155840 0.987633 0.000000 0.000000 0.000000 0.000000 1.000000
0.999443 -0.027077 0.019491 0.000000 0.030017 0.984801 -0.171071 0.123000 -0.014563 0.171561 0.985066 0.000000 0.000000 0.000000 0.000000 1.000000
0.999537 -0.025567 0.016476 0.000000 0.028172 0.982410 -0.184597 0.123000 -0.011466 0.184976 0.982676 -0.000000 0.000000 0.000000 0.000000 1.000000
0.999667 -0.022182 0.013188 0.000000 0.024320 0.980710 -0.193951 0.123000 -0.008632 0.194207 0.980923 0.000000 0.000000 0.000000 0.000000 1.000000
0.999797 -0.017222 0.010483 -0.000000 0.018959 0.979958 -0.198299 0.123000 -0.006858 0.198457 0.980086 0.000000 0.000000 0.000000 0.000000 1.000000
0.999890 -0.012198 0.008410 -0.000000 0.013613 0.980425 -0.196421 0.123000 -0.005850 0.196514 0.980484 -0.000000 0.000000 0.000000 0.000000 1.000000
0.999941 -0.008777 0.006357 -0.000000 0.009810 0.982352 -0.186786 0.123000 -0.004605 0.186837 0.982380 0.000000 0.000000 0.000000 0.000000 1.000000
0.999965 -0.007232 0.004104 0.000000 0.007836 0.984715 -0.173999 0.123000 -0.002782 0.174025 0.984737 0.000000 0.000000 0.000000 0.000000 1.000000
0.999972 -0.007248 0.001694 0.000000 0.007428 0.986565 -0.163199 0.123000 -0.000488 0.163207 0.986592 0.000000 0.000000 0.000000 0.000000 1.000000
0.999967 -0.008124 -0.000486 0.000000 0.007946 0.987449 -0.157740 0.123000 0.001761 0.157731 0.987481 0.000000 0.000000 0.000000 0.000000 1.000000
0.999958 -0.008988 -0.001688 0.000000 0.008627 0.988348 -0.151964 0.123000 0.003034 0.151943 0.988385 -0.000000 0.000000 0.000000 0.000000 1.000000
0.999954 -0.009476 -0.001623 -0.000000 0.009162 0.990425 -0.137745 0.123000 0.002913 0.137724 0.990466 0.000000 0.000000 0.000000 0.000000 1.000000
0.999951 -0.009857 -0.000833 0.000000 0.009692 0.993062 -0.117194 0.123000 0.001982 0.117180 0.993109 0.000000 0.000000 0.000000 0.000000 1.000000
0.999948 -0.010214 -0.000122 0.000000 0.010155 0.995267 -0.096641 0.123000 0.001108 0.096635 0.995319 0.000000 0.000000 0.000000 0.000000 1.000000
0.999948 -0.010233 -0.000272 0.000000 0.010174 0.996412 -0.084027 0.123000 0.001131 0.084020 0.996463 0.000000 0.000000 0.000000 0.000000 1.000000
0.999958 -0.009043 -0.001334 -0.000000 0.008906 0.996714 -0.080510 0.123000 0.002057 0.080494 0.996753 0.000000 0.000000 0.000000 0.000000 1.000000
0.999971 -0.007282 -0.002047 0.000000 0.007095 0.996763 -0.080076 0.123000 0.002624 0.080059 0.996787 0.000000 0.000000 0.000000 0.000000 1.000000
0.999981 -0.005930 -0.001725 0.000000 0.005777 0.996927 -0.078117 0.123000 0.002182 0.078105 0.996943 0.000000 0.000000 0.000000 0.000000 1.000000
0.999986 -0.005317 -0.000384 0.000000 0.005275 0.997329 -0.072852 0.123000 0.000770 0.072849 0.997343 0.000000 0.000000 0.000000 0.000000 1.000000
0.999987 -0.004954 0.001333 -0.000000 0.005031 0.997818 -0.065832 0.123000 -0.001004 0.065838 0.997830 0.000000 0.000000 0.000000 0.000000 1.000000
0.999990 -0.003480 0.002980 -0.000000 0.003661 0.997999 -0.063122 0.123000 -0.002754 0.063132 0.998001 0.000000 0.000000 0.000000 0.000000 1.000000
0.999988 -0.000899 0.004870 -0.000000 0.001212 0.997901 -0.064751 0.123000 -0.004802 0.064756 0.997890 0.000000 0.000000 0.000000 0.000000 1.000000
0.999974 0.001825 0.006939 0.000000 -0.001375 0.997927 -0.064339 0.123000 -0.007042 0.064328 0.997904 0.000000 0.000000 0.000000 0.000000 1.000000
0.999951 0.004152 0.008933 -0.000000 -0.003628 0.998319 -0.057844 0.123000 -0.009158 0.057809 0.998286 0.000000 0.000000 0.000000 0.000000 1.000000
0.999925 0.006228 0.010519 -0.000000 -0.005740 0.998938 -0.045713 0.123000 -0.010793 0.045649 0.998899 0.000000 0.000000 0.000000 0.000000 1.000000
0.999889 0.008874 0.011999 0.000000 -0.008432 0.999304 -0.036336 0.123000 -0.012313 0.036231 0.999268 0.000000 0.000000 0.000000 0.000000 1.000000
0.999843 0.010445 0.014316 0.000000 -0.009970 0.999411 -0.032848 0.123000 -0.014651 0.032700 0.999358 -0.000000 0.000000 0.000000 0.000000 1.000000
0.999805 0.008923 0.017601 -0.000000 -0.008340 0.999423 -0.032937 0.123000 -0.017885 0.032783 0.999302 -0.000000 0.000000 0.000000 0.000000 1.000000
0.999759 0.003823 0.021618 0.000000 -0.003100 0.999438 -0.033384 0.123000 -0.021733 0.033309 0.999209 0.000000 0.000000 0.000000 0.000000 1.000000
0.999660 -0.003589 0.025845 0.000000 0.004407 0.999489 -0.031667 0.123000 -0.025718 0.031771 0.999164 0.000000 0.000000 0.000000 0.000000 1.000000</float_array>
        <technique_common>
          <accessor source="#mixamorig_Spine2-Matrix-animation-output-transform-array" count="51" stride="16">
            <param type="float4x4"/>
          </accessor>
        </technique_common>
      </source>
      <source id="mixamorig_Spine2-Interpolations">
        <Name_array id="mixamorig_Spine2-Interpolations-array" count="51">
 LINEAR LINEAR LINEAR LINEAR LINEAR LINEAR LINEAR LINEAR LINEAR LINEAR LINEAR
LINEAR LINEAR LINEAR LINEAR LINEAR LINEAR LINEAR LINEAR LINEAR LINEAR LINEAR LINEAR
LINEAR LINEAR LINEAR LINEAR LINEAR LINEAR LINEAR LINEAR LINEAR LINEAR LINEAR LINEAR
LINEAR LINEAR LINEAR LINEAR LINEAR LINEAR LINEAR LINEAR LINEAR LINEAR LINEAR LINEAR
LINEAR LINEAR LINEAR LINEAR</Name_array>
        <technique_common>
          <accessor source="#mixamorig_Spine2-Interpolations-array" count="51">
            <param type="name"/>
          </accessor>
        </technique_common>
      </source>
