<?xml version="1.0" encoding="utf-8"?>
<COLLADA xmlns="http://www.collada.org/2005/11/COLLADASchema" version="1.4.1">
  <asset>
    <contributor>
      <author>Mixamo</author>
      <authoring_tool>COLLADA Mixamo exporter</authoring_tool>
      <comments/>
    </contributor>
    <created>2018-09-02T15:17:03Z</created>
    <modified>2018-09-02T15:17:03Z</modified>
    <revision/>
    <title/>
    <unit meter="0.010000"/>
    <up_axis>Y_UP</up_axis>
  </asset>
  <library_animations>
    <animation name="burpee" id="burpee">
      <source id="mixamorig_Hips-Matrix-animation-input">
        <float_array id="mixamorig_Hips-Matrix-animation-input-array" count="94">

0.000000 0.033333 0.066667 0.100000 0.133333 0.166667 0.200000 0.233333 0.266667 0.300000 0.333333 0.366667 0.400000 0.433333 0.466667 0.500000
0.533333 0.566667 0.600000 0.633333 0.666667 0.700000 0.733333 0.766667 0.800000 0.833333 0.866667 0.900000 0.933333 0.966667 1.000000 1.033333
1.066667 1.100000 1.133333 1.166667 1.200000 1.233333 1.266667 1.300000 1.333333 1.366667 1.400000 1.433333 1.466667 1.500000 1.533333 1.566667
1.600000 1.633333 1.666667 1.700000 1.733333 1.766667 1.800000 1.833333 1.866667 1.900000 1.933333 1.966667 2.000000 2.033333 2.066667 2.100000
2.133333 2.166667 2.200000 2.233333 2.266667 2.300000 2.333333 2.366667 2.400000 2.433333 2.466667 2.500000 2.533333 2.566667 2.600000 2.633333
2.666667 2.700000 2.733333 2.766667 2.800000 2.833333 2.866667 2.900000 2.933333 2.966667 3.000000 3.033333 3.066667 3.100000</float_array>
        <technique_common>
          <accessor source="#mixamorig_Hips-Matrix-animation-input-array" count="94">
            <param name="TIME" type="float"/>
          </accessor>
        </technique_common>
      </source>
      <source id="mixamorig_Hips-Matrix-animation-output-transform">
        <float_array id="mixamorig_Hips-Matrix-animation-output-transform-array" count="1504">

0.997325 0.025860 -0.068363 0.000559 -0.068884 0.019843 -0.997427 0.156423 -0.024437 0.999469 0.021571 0.005579 0.000000 0.000000 0.000000 1.000000
0.997646 0.027440 -0.062844 0.001603 -0.063768 0.034223 -0.997378 0.165198 -0.025217 0.999037 0.035892 0.005385 0.000000 0.000000 0.000000 1.000000
0.998726 0.030483 -0.040222 0.002441 -0.041659 0.048076 -0.997975 0.179421 -0.028487 0.998378 0.049285 0.003600 0.000000 0.000000 0.000000 1.000000
0.999007 0.035144 -0.027401 0.002587 -0.029626 0.064438 -0.997482 0.197244 -0.033290 0.997303 0.065415 -0.000432 0.000000 0.000000 0.000000 1.000000
0.998581 0.040361 -0.034754 0.002307 -0.038130 0.086128 -0.995554 0.217363 -0.037188 0.995466 0.087544 -0.006798 0.000000 0.000000 0.000000 1.000000
0.997827 0.043569 -0.049434 0.002432 -0.054103 0.113482 -0.992066 0.240033 -0.037614 0.992584 0.115592 -0.015083 0.000000 0.000000 0.000000 1.000000
0.997510 0.045087 -0.054225 0.002284 -0.059689 0.130298 -0.989677 0.264989 -0.037556 0.990449 0.132665 -0.024277 0.000000 0.000000 0.000000 1.000000
0.997313 0.048489 -0.054912 0.001044 -0.061008 0.134795 -0.988994 0.293341 -0.040553 0.989686 0.137391 -0.034906 0.000000 0.000000 0.000000 1.000000
0.996837 0.052919 -0.059300 -0.000659 -0.065913 0.133521 -0.988852 0.325228 -0.044411 0.989632 0.136586 -0.046290 0.000000 0.000000 0.000000 1.000000
0.996092 0.058346 -0.066309 -0.002519 -0.073189 0.124994 -0.989454 0.361798 -0.049443 0.990440 0.128776 -0.057405 0.000000 0.000000 0.000000 1.000000
0.995509 0.065741 -0.068121 -0.004658 -0.074391 0.098187 -0.992384 0.405002 -0.058551 0.992994 0.102637 -0.067006 0.000000 0.000000 0.000000 1.000000
0.994443 0.073038 -0.075824 -0.006438 -0.078702 0.037355 -0.996198 0.454799 -0.069927 0.996629 0.042896 -0.073450 0.000000 0.000000 0.000000 1.000000
0.993388 0.073795 -0.087945 -0.007463 -0.084559 -0.047814 -0.995271 0.509687 -0.077651 0.996127 -0.041257 -0.074584 0.000000 0.000000 0.000000 1.000000
0.992623 0.073551 -0.096384 -0.009034 -0.084646 -0.148743 -0.985247 0.567679 -0.086802 0.986137 -0.141420 -0.072899 0.000000 0.000000 0.000000 1.000000
0.992362 0.075688 -0.097411 -0.011430 -0.075923 -0.247633 -0.965875 0.625300 -0.097227 0.965893 -0.239995 -0.067209 0.000000 0.000000 0.000000 1.000000
0.992829 0.077641 -0.090901 -0.013824 -0.061249 -0.322638 -0.944539 0.678264 -0.102663 0.943333 -0.315569 -0.053015 0.000000 0.000000 0.000000 1.000000
0.993764 0.075298 -0.082242 -0.016669 -0.048431 -0.372887 -0.926612 0.725423 -0.100439 0.924816 -0.366915 -0.032595 0.000000 0.000000 0.000000 1.000000
0.994687 0.072180 -0.073408 -0.019680 -0.037263 -0.412273 -0.910298 0.769443 -0.095970 0.908196 -0.407393 -0.009861 0.000000 0.000000 0.000000 1.000000
0.995568 0.068981 -0.063920 -0.022686 -0.027319 -0.438248 -0.898439 0.807756 -0.089989 0.896203 -0.434421 0.011911 0.000000 0.000000 0.000000 1.000000
0.996364 0.066222 -0.053603 -0.025482 -0.018354 -0.447548 -0.894072 0.837267 -0.083197 0.891805 -0.444705 0.029319 0.000000 0.000000 0.000000 1.000000
0.997004 0.064410 -0.042832 -0.027836 -0.010425 -0.436793 -0.899502 0.854653 -0.076645 0.897253 -0.434813 0.038662 0.000000 0.000000 0.000000 1.000000
0.997519 0.063340 -0.030718 -0.029545 -0.003357 -0.393062 -0.919506 0.852955 -0.070316 0.917328 -0.391874 0.034412 0.000000 0.000000 0.000000 1.000000
0.997980 0.061432 -0.016197 -0.030665 0.003303 -0.304771 -0.952420 0.826910 -0.063445 0.950442 -0.304358 0.014326 0.000000 0.000000 0.000000 1.000000
0.998295 0.058096 -0.005712 -0.031122 0.005652 -0.193579 -0.981068 0.790029 -0.058102 0.979363 -0.193578 -0.014244 0.000000 0.000000 0.000000 1.000000
0.998477 0.055161 0.000323 -0.031121 0.004260 -0.071263 -0.997448 0.752350 -0.054998 0.995931 -0.071389 -0.043994 0.000000 0.000000 0.000000 1.000000
0.998578 0.052642 0.008375 -0.031018 0.005108 0.061882 -0.998070 0.718268 -0.053058 0.996694 0.061525 -0.069503 0.000000 0.000000 0.000000 1.000000
0.998516 0.047436 0.026763 -0.030043 0.018862 0.159787 -0.986971 0.698884 -0.051094 0.986011 0.158655 -0.086516 0.000000 0.000000 0.000000 1.000000
0.998434 0.038703 0.040384 -0.029932 0.029677 0.245451 -0.968955 0.692774 -0.047414 0.968636 0.243918 -0.096273 0.000000 0.000000 0.000000 1.000000
0.998295 0.034006 0.047449 -0.030253 0.034148 0.319067 -0.947117 0.696910 -0.047347 0.947122 0.317362 -0.099586 0.000000 0.000000 0.000000 1.000000
0.998215 0.034190 0.048961 -0.030668 0.032173 0.382807 -0.923268 0.707781 -0.050309 0.923195 0.381024 -0.097752 0.000000 0.000000 0.000000 1.000000
0.998420 0.033498 0.045109 -0.031183 0.025623 0.443038 -0.896136 0.722030 -0.050004 0.895877 0.441480 -0.092329 0.000000 0.000000 0.000000 1.000000
0.998679 0.032873 0.039496 -0.031419 0.017271 0.509170 -0.860493 0.737252 -0.048397 0.860038 0.507929 -0.083575 0.000000 0.000000 0.000000 1.000000
0.998770 0.034739 0.035370 -0.032232 0.008147 0.588735 -0.808285 0.752104 -0.048903 0.807579 0.587728 -0.072560 0.000000 0.000000 0.000000 1.000000
0.999073 0.035371 0.024555 -0.033168 -0.005908 0.677475 -0.735522 0.768846 -0.042651 0.734695 0.677056 -0.058397 0.000000 0.000000 0.000000 1.000000
0.999301 0.036460 0.008298 -0.033820 -0.022583 0.765340 -0.643230 0.789855 -0.029803 0.642593 0.765628 -0.040935 0.000000 0.000000 0.000000 1.000000
0.999230 0.039201 -0.001515 -0.034019 -0.033828 0.841436 -0.539297 0.817450 -0.019867 0.538933 0.842114 -0.020788 0.000000 0.000000 0.000000 1.000000
0.999007 0.044069 -0.006522 -0.033592 -0.042643 0.903583 -0.426285 0.857352 -0.012893 0.426140 0.904565 0.003644 0.000000 0.000000 0.000000 1.000000
0.999030 0.042379 -0.011954 -0.033094 -0.043962 0.944514 -0.325516 0.912363 -0.002504 0.325726 0.945461 0.028744 0.000000 0.000000 0.000000 1.000000
0.999245 0.035860 -0.014967 -0.031794 -0.038500 0.965802 -0.256407 0.969044 0.005260 0.256790 0.966453 0.051724 0.000000 0.000000 0.000000 1.000000
0.999517 0.028353 -0.012690 -0.030734 -0.030515 0.972600 -0.230472 1.022679 0.005807 0.230748 0.972996 0.070527 0.000000 0.000000 0.000000 1.000000
0.999652 0.025693 -0.005915 -0.032203 -0.026358 0.969100 -0.245257 1.078118 -0.000570 0.245328 0.969440 0.083488 0.000000 0.000000 0.000000 1.000000
0.999577 0.028317 -0.006597 -0.033512 -0.029060 0.965634 -0.258277 1.128572 -0.000944 0.258360 0.966048 0.085039 0.000000 0.000000 0.000000 1.000000
0.999456 0.029444 -0.014889 -0.034946 -0.032216 0.968292 -0.247737 1.169505 0.007123 0.248082 0.968713 0.087288 0.000000 0.000000 0.000000 1.000000
0.999356 0.028128 -0.022269 -0.036305 -0.032595 0.971206 -0.236001 1.200863 0.014990 0.236574 0.971498 0.090613 0.000000 0.000000 0.000000 1.000000
0.999302 0.025826 -0.026986 -0.037834 -0.031434 0.971720 -0.234035 1.222715 0.020179 0.234720 0.971854 0.093112 0.000000 0.000000 0.000000 1.000000
0.999061 0.025822 -0.034788 -0.040068 -0.033261 0.971678 -0.233955 1.234640 0.027762 0.234892 0.971625 0.092827 0.000000 0.000000 0.000000 1.000000
0.998462 0.026623 -0.048629 -0.042185 -0.036863 0.973970 -0.223659 1.236553 0.041409 0.225107 0.973454 0.093375 0.000000 0.000000 0.000000 1.000000
0.997870 0.029074 -0.058392 -0.044326 -0.041029 0.975678 -0.215337 1.228932 0.050711 0.217274 0.974793 0.092910 0.000000 0.000000 0.000000 1.000000
0.997590 0.032914 -0.061076 -0.046702 -0.045048 0.976791 -0.209402 1.211780 0.052767 0.211649 0.975920 0.091755 0.000000 0.000000 0.000000 1.000000
0.997508 0.037782 -0.059589 -0.049190 -0.049191 0.977852 -0.203436 1.185152 0.050583 0.205860 0.977273 0.090129 0.000000 0.000000 0.000000 1.000000
0.997248 0.043148 -0.060283 -0.051410 -0.054133 0.979408 -0.194498 1.149207 0.050649 0.197226 0.979049 0.087898 0.000000 0.000000 0.000000 1.000000
0.997187 0.046629 -0.058689 -0.053802 -0.056837 0.980819 -0.186448 1.103997 0.048870 0.189259 0.980710 0.085171 0.000000 0.000000 0.000000 1.000000
0.997399 0.047419 -0.054282 -0.055373 -0.056645 0.981384 -0.183514 1.048471 0.044569 0.186111 0.981517 0.080586 0.000000 0.000000 0.000000 1.000000
0.997830 0.047072 -0.046036 -0.056515 -0.054784 0.981407 -0.183955 0.995820 0.036521 0.186078 0.981856 0.070685 0.000000 0.000000 0.000000 1.000000
0.998215 0.049043 -0.034091 -0.057620 -0.054840 0.978707 -0.197803 0.954741 0.023664 0.199319 0.979649 0.055401 0.000000 0.000000 0.000000 1.000000
0.998183 0.056660 -0.020483 -0.058699 -0.059950 0.967911 -0.244038 0.927846 0.005999 0.244823 0.969549 0.037986 0.000000 0.000000 0.000000 1.000000
0.998477 0.054638 -0.007591 -0.058262 -0.054192 0.945883 -0.319950 0.924771 -0.010301 0.319874 0.947404 0.018235 0.000000 0.000000 0.000000 1.000000
0.998750 0.049855 0.003691 -0.056429 -0.044372 0.918072 -0.393923 0.927046 -0.023028 0.393267 0.919136 0.005048 0.000000 0.000000 0.000000 1.000000
0.998683 0.048227 0.017513 -0.054584 -0.034385 0.882426 -0.469192 0.933950 -0.038082 0.467972 0.882922 -0.007596 0.000000 0.000000 0.000000 1.000000
0.998204 0.049822 0.033252 -0.052660 -0.023575 0.837098 -0.546544 0.941933 -0.055065 0.544779 0.836770 -0.022247 0.000000 0.000000 0.000000 1.000000
0.997770 0.048512 0.045835 -0.049258 -0.009592 0.783868 -0.620853 0.943852 -0.066047 0.619030 0.782586 -0.036237 0.000000 0.000000 0.000000 1.000000
0.998095 0.049894 0.036289 -0.045193 -0.011292 0.726007 -0.687595 0.942136 -0.060653 0.685875 0.725187 -0.048957 0.000000 0.000000 0.000000 1.000000
0.998470 0.052595 0.017055 -0.042205 -0.021766 0.657447 -0.753186 0.935898 -0.050827 0.751663 0.657587 -0.063830 0.000000 0.000000 0.000000 1.000000
0.998475 0.055184 -0.001780 -0.039938 -0.033841 0.586193 -0.809464 0.924772 -0.043626 0.808290 0.587167 -0.077862 0.000000 0.000000 0.000000 1.000000
0.998293 0.056604 -0.014392 -0.037650 -0.041835 0.521056 -0.852497 0.907941 -0.040755 0.851644 0.522534 -0.089588 0.000000 0.000000 0.000000 1.000000
0.998308 0.054526 -0.020190 -0.034767 -0.043398 0.467666 -0.882839 0.883923 -0.038695 0.882222 0.469241 -0.099924 0.000000 0.000000 0.000000 1.000000
0.998427 0.048288 -0.028502 -0.032625 -0.046513 0.429338 -0.901945 0.849146 -0.031316 0.901852 0.430909 -0.109921 0.000000 0.000000 0.000000 1.000000
0.998641 0.040417 -0.032902 -0.030977 -0.046767 0.416388 -0.907983 0.806745 -0.022998 0.908288 0.417713 -0.115012 0.000000 0.000000 0.000000 1.000000
0.998606 0.037906 -0.036719 -0.030207 -0.049177 0.415906 -0.908077 0.765787 -0.019150 0.908617 0.417190 -0.117697 0.000000 0.000000 0.000000 1.000000
0.998210 0.041360 -0.043210 -0.030289 -0.056301 0.405747 -0.912250 0.737334 -0.020198 0.913049 0.407350 -0.119541 0.000000 0.000000 0.000000 1.000000
0.997593 0.044506 -0.053171 -0.030715 -0.065653 0.359541 -0.930817 0.732389 -0.022310 0.932067 0.361597 -0.120304 0.000000 0.000000 0.000000 1.000000
0.997519 0.045305 -0.053888 -0.030793 -0.063764 0.256917 -0.964328 0.757203 -0.029844 0.965371 0.259168 -0.121293 0.000000 0.000000 0.000000 1.000000
0.997759 0.040697 -0.053115 -0.031399 -0.056655 0.091455 -0.994196 0.809610 -0.035604 0.994977 0.093555 -0.115507 0.000000 0.000000 0.000000 1.000000
0.998410 0.029484 -0.048046 -0.031666 -0.044816 -0.101843 -0.993790 0.860835 -0.034194 0.994363 -0.100360 -0.093560 0.000000 0.000000 0.000000 1.000000
0.998833 0.022408 -0.042785 -0.031154 -0.035310 -0.265603 -0.963436 0.891992 -0.032952 0.963822 -0.264502 -0.061798 0.000000 0.000000 0.000000 1.000000
0.998187 0.030010 -0.052169 -0.030093 -0.038337 -0.351150 -0.935534 0.899561 -0.046395 0.935838 -0.349363 -0.039303 0.000000 0.000000 0.000000 1.000000
0.998186 0.031186 -0.051496 -0.028721 -0.034575 -0.403283 -0.914422 0.887543 -0.049285 0.914544 -0.401473 -0.022348 0.000000 0.000000 0.000000 1.000000
0.998181 0.028562 -0.053092 -0.027291 -0.035129 -0.440133 -0.897245 0.859240 -0.048995 0.897478 -0.438329 -0.003925 0.000000 0.000000 0.000000 1.000000
0.998106 0.026043 -0.055731 -0.025253 -0.037621 -0.458380 -0.887960 0.818706 -0.048671 0.888375 -0.456532 0.008283 0.000000 0.000000 0.000000 1.000000
0.998009 0.026890 -0.057044 -0.022816 -0.038845 -0.450463 -0.891950 0.770592 -0.049681 0.892390 -0.448521 0.009840 0.000000 0.000000 0.000000 1.000000
0.997964 0.031761 -0.055307 -0.020879 -0.037391 -0.411145 -0.910803 0.718859 -0.051667 0.911017 -0.409120 0.002308 0.000000 0.000000 0.000000 1.000000
0.997790 0.035286 -0.056306 -0.019035 -0.039529 -0.365930 -0.929802 0.659193 -0.053413 0.929973 -0.363727 -0.008039 0.000000 0.000000 0.000000 1.000000
0.997750 0.035808 -0.056679 -0.016910 -0.042237 -0.320808 -0.946202 0.597142 -0.052064 0.946467 -0.318574 -0.018394 0.000000 0.000000 0.000000 1.000000
0.997704 0.037218 -0.056589 -0.014489 -0.044127 -0.276665 -0.959953 0.534879 -0.051384 0.960245 -0.274388 -0.026892 0.000000 0.000000 0.000000 1.000000
0.997703 0.040531 -0.054268 -0.011881 -0.043388 -0.232792 -0.971558 0.473565 -0.052012 0.971682 -0.230499 -0.033078 0.000000 0.000000 0.000000 1.000000
0.997934 0.042515 -0.048177 -0.009366 -0.039372 -0.187940 -0.981391 0.413886 -0.050778 0.981260 -0.185878 -0.037420 0.000000 0.000000 0.000000 1.000000
0.997932 0.039091 -0.051016 -0.008168 -0.045045 -0.140800 -0.989013 0.358423 -0.045844 0.989266 -0.138748 -0.037764 0.000000 0.000000 0.000000 1.000000
0.997977 0.034161 -0.053613 -0.006609 -0.050012 -0.098717 -0.993858 0.304543 -0.039244 0.994529 -0.096809 -0.036621 0.000000 0.000000 0.000000 1.000000
0.997652 0.030536 -0.061310 -0.004704 -0.059117 -0.068159 -0.995921 0.255321 -0.034590 0.997207 -0.066194 -0.032434 0.000000 0.000000 0.000000 1.000000
0.996887 0.028158 -0.073648 -0.003014 -0.072202 -0.049303 -0.996171 0.213239 -0.031681 0.998387 -0.047117 -0.024895 0.000000 0.000000 0.000000 1.000000
0.996286 0.024421 -0.082568 -0.002161 -0.081674 -0.035604 -0.996023 0.179197 -0.027264 0.999068 -0.033477 -0.015509 0.000000 0.000000 0.000000 1.000000
0.997042 0.024927 -0.072699 -0.000572 -0.072315 -0.015985 -0.997254 0.152087 -0.026021 0.999561 -0.014136 -0.005991 0.000000 0.000000 0.000000 1.000000
0.997070 0.026068 -0.071914 0.000068 -0.071896 -0.001625 -0.997411 0.138228 -0.026118 0.999659 0.000254 0.001054 0.000000 0.000000 0.000000 1.000000
0.997086 0.026426 -0.071566 0.000333 -0.071866 0.010564 -0.997358 0.142931 -0.025601 0.999595 0.012432 0.004662 0.000000 0.000000 0.000000 1.000000</float_array>
        <technique_common>
          <accessor source="#mixamorig_Hips-Matrix-animation-output-transform-array" count="94" stride="16">
            <param type="float4x4"/>
          </accessor>
        </technique_common>
      </source>
      <source id="mixamorig_Hips-Interpolations">
        <Name_array id="mixamorig_Hips-Interpolations-array" count="94">
 LINEAR LINEAR LINEAR LINEAR LINEAR LINEAR LINEAR LINEAR LINEAR LINEAR LINEAR
LINEAR LINEAR LINEAR LINEAR LINEAR LINEAR LINEAR LINEAR LINEAR LINEAR LINEAR LINEAR
LINEAR LINEAR LINEAR LINEAR LINEAR LINEAR LINEAR LINEAR LINEAR LINEAR LINEAR LINEAR
LINEAR LINEAR LINEAR LINEAR LINEAR LINEAR LINEAR LINEAR LINEAR LINEAR LINEAR LINEAR
LINEAR LINEAR LINEAR LINEAR LINEAR LINEAR LINEAR LINEAR LINEAR LINEAR LINEAR LINEAR
LINEAR LINEAR LINEAR LINEAR LINEAR LINEAR LINEAR LINEAR LINEAR LINEAR LINEAR LINEAR
LINEAR LINEAR LINEAR LINEAR LINEAR LINEAR LINEAR LINEAR LINEAR LINEAR LINEAR LINEAR
LINEAR LINEAR LINEAR LINEAR LINEAR LINEAR LINEAR LINEAR LINEAR LINEAR LINEAR</Name_array>
        <technique_common>
          <accessor source="#mixamorig_Hips-Interpolations-array" count="94">
            <param type="name"/>
          </accessor>
        </technique_common>
      </source>
      <sampler id="mixamorig_Hips-Matrix-animation-transform">
        <input semantic="INPUT" source="#mixamorig_Hips-Matrix-animation-input"/>
        <input semantic="OUTPUT" source="#mixamorig_Hips-Matrix-animation-output-transform"/>
        <input semantic="INTERPOLATION" source="#mixamorig_Hips-Interpolations"/>
      </sampler>
      <channel source="#mixamorig_Hips-Matrix-animation-transform" target="mixamorig_Hips/matrix"/>
      <source id="mixamorig_Spine-Matrix-animation-input">
        <float_array id="mixamorig_Spine-Matrix-animation-input-array" count="94">

0.000000 0.033333 0.066667 0.100000 0.133333 0.166667 0.200000 0.233333 0.266667 0.300000 0.333333 0.366667 0.400000 0.433333 0.466667 0.500000
0.533333 0.566667 0.600000 0.633333 0.666667 0.700000 0.733333 0.766667 0.800000 0.833333 0.866667 0.900000 0.933333 0.966667 1.000000 1.033333
1.066667 1.100000 1.133333 1.166667 1.200000 1.233333 1.266667 1.300000 1.333333 1.366667 1.400000 1.433333 1.466667 1.500000 1.533333 1.566667
1.600000 1.633333 1.666667 1.700000 1.733333 1.766667 1.800000 1.833333 1.866667 1.900000 1.933333 1.966667 2.000000 2.033333 2.066667 2.100000
2.133333 2.166667 2.200000 2.233333 2.266667 2.300000 2.333333 2.366667 2.400000 2.433333 2.466667 2.500000 2.533333 2.566667 2.600000 2.633333
2.666667 2.700000 2.733333 2.766667 2.800000 2.833333 2.866667 2.900000 2.933333 2.966667 3.000000 3.033333 3.066667 3.100000</float_array>
        <technique_common>
          <accessor source="#mixamorig_Spine-Matrix-animation-input-array" count="94">
            <param name="TIME" type="float"/>
          </accessor>
        </technique_common>
      </source>
      <source id="mixamorig_Spine-Matrix-animation-output-transform">
        <float_array id="mixamorig_Spine-Matrix-animation-output-transform-array" count="1504">

0.999316 -0.005915 0.036507 0.000000 0.005212 0.999800 0.019304 0.092200 -0.036614 -0.019101 0.999147 -0.004300 0.000000 0.000000 0.000000 1.000000
0.999539 -0.006250 0.029698 -0.000000 0.005790 0.999862 0.015539 0.092200 -0.029791 -0.015360 0.999438 -0.004300 0.000000 0.000000 0.000000 1.000000
0.999698 -0.005076 0.024053 0.000000 0.004633 0.999819 0.018429 0.092200 -0.024142 -0.018312 0.999541 -0.004300 0.000000 0.000000 0.000000 1.000000
0.999788 -0.003156 0.020356 0.000000 0.002702 0.999749 0.022257 0.092200 -0.020421 -0.022198 0.999545 -0.004300 0.000000 0.000000 0.000000 1.000000
0.999833 -0.001577 0.018202 0.000000 0.001163 0.999741 0.022717 0.092200 -0.018233 -0.022692 0.999576 -0.004300 0.000000 0.000000 0.000000 1.000000
0.999868 -0.000984 0.016213 0.000000 0.000669 0.999810 0.019456 0.092200 -0.016230 -0.019443 0.999679 -0.004300 0.000000 0.000000 0.000000 1.000000
0.999904 0.000381 0.013886 -0.000000 -0.000620 0.999852 0.017176 0.092200 -0.013877 -0.017183 0.999756 -0.004300 0.000000 0.000000 0.000000 1.000000
0.999937 0.000445 0.011213 0.000000 -0.000624 0.999872 0.015987 0.092200 -0.011205 -0.015993 0.999809 -0.004300 0.000000 0.000000 0.000000 1.000000
0.999968 0.000736 0.007934 -0.000000 -0.000844 0.999906 0.013658 0.092200 -0.007924 -0.013664 0.999875 -0.004300 0.000000 0.000000 0.000000 1.000000
0.999988 0.001667 0.004580 -0.000000 -0.001711 0.999953 0.009585 0.092200 -0.004564 -0.009593 0.999944 -0.004300 0.000000 0.000000 0.000000 1.000000
0.999995 0.002178 0.002281 0.000000 -0.002189 0.999985 0.005060 0.092200 -0.002270 -0.005065 0.999985 -0.004300 0.000000 0.000000 0.000000 1.000000
0.999998 0.001739 0.000387 0.000000 -0.001739 0.999998 0.000550 0.092200 -0.000386 -0.000551 1.000000 -0.004300 0.000000 0.000000 0.000000 1.000000
0.999999 0.000583 0.000962 0.000000 -0.000579 0.999992 -0.003940 0.092200 -0.000964 0.003939 0.999992 -0.004300 0.000000 0.000000 0.000000 1.000000
0.999997 -0.000368 0.002350 0.000000 0.000384 0.999974 -0.007165 0.092200 -0.002347 0.007166 0.999972 -0.004300 0.000000 0.000000 0.000000 1.000000
0.999993 -0.000996 0.003688 0.000000 0.001031 0.999954 -0.009502 0.092200 -0.003679 0.009506 0.999948 -0.004300 0.000000 0.000000 0.000000 1.000000
0.999985 -0.001757 0.005265 0.000000 0.001824 0.999917 -0.012780 0.092200 -0.005242 0.012790 0.999904 -0.004300 0.000000 0.000000 0.000000 1.000000
0.999983 -0.000531 0.005841 -0.000000 0.000627 0.999865 -0.016437 0.092200 -0.005832 0.016440 0.999848 -0.004300 0.000000 0.000000 0.000000 1.000000
0.999979 0.000342 0.006526 0.000000 -0.000201 0.999767 -0.021589 0.092200 -0.006532 0.021588 0.999746 -0.004300 0.000000 0.000000 0.000000 1.000000
0.999977 0.000048 0.006740 0.000000 0.000142 0.999601 -0.028263 0.092200 -0.006739 0.028263 0.999578 -0.004300 0.000000 0.000000 0.000000 1.000000
0.999981 -0.001243 0.006113 0.000000 0.001464 0.999340 -0.036287 0.092200 -0.006064 0.036295 0.999323 -0.004300 0.000000 0.000000 0.000000 1.000000
0.999985 -0.002561 0.004880 -0.000000 0.002781 0.998952 -0.045681 0.092200 -0.004758 0.045694 0.998944 -0.004300 0.000000 0.000000 0.000000 1.000000
0.999985 -0.002775 0.004635 0.000000 0.003043 0.998260 -0.058881 0.092200 -0.004464 0.058894 0.998254 -0.004300 0.000000 0.000000 0.000000 1.000000
0.999960 -0.003395 0.008227 -0.000000 0.003963 0.997539 -0.070001 0.092200 -0.007969 0.070031 0.997513 -0.004300 0.000000 0.000000 0.000000 1.000000
0.999929 -0.004370 0.011103 0.000000 0.005211 0.997026 -0.076888 0.092200 -0.010734 0.076941 0.996978 -0.004300 0.000000 0.000000 0.000000 1.000000
0.999916 -0.005177 0.011859 -0.000000 0.006130 0.996635 -0.081743 0.092200 -0.011396 0.081808 0.996583 -0.004300 0.000000 0.000000 0.000000 1.000000
0.999906 -0.005179 0.012712 -0.000000 0.006288 0.996028 -0.088818 0.092200 -0.012201 0.088889 0.995967 -0.004300 0.000000 0.000000 0.000000 1.000000
0.999917 -0.006654 0.011065 0.000000 0.007611 0.996017 -0.088833 0.092200 -0.010430 0.088910 0.995985 -0.004300 0.000000 0.000000 0.000000 1.000000
0.999917 -0.007127 0.010754 0.000000 0.008006 0.996436 -0.083977 0.092200 -0.010117 0.084056 0.996410 -0.004300 0.000000 0.000000 0.000000 1.000000
0.999922 -0.006893 0.010444 -0.000000 0.007661 0.997130 -0.075322 0.092200 -0.009895 0.075396 0.997105 -0.004300 0.000000 0.000000 0.000000 1.000000
0.999932 -0.006692 0.009503 0.000000 0.007288 0.997913 -0.064164 0.092200 -0.009054 0.064229 0.997894 -0.004300 0.000000 0.000000 0.000000 1.000000
0.999938 -0.007126 0.008605 -0.000000 0.007566 0.998603 -0.052302 0.092200 -0.008220 0.052364 0.998594 -0.004300 0.000000 0.000000 0.000000 1.000000
0.999945 -0.006558 0.008171 0.000000 0.006914 0.998993 -0.044335 0.092200 -0.007872 0.044389 0.998983 -0.004300 0.000000 0.000000 0.000000 1.000000
0.999918 -0.009236 0.008838 -0.000000 0.009546 0.999317 -0.035706 0.092200 -0.008502 0.035787 0.999323 -0.004300 0.000000 0.000000 0.000000 1.000000
0.999916 -0.010018 0.008191 0.000000 0.010221 0.999632 -0.025135 0.092200 -0.007936 0.025217 0.999651 -0.004300 0.000000 0.000000 0.000000 1.000000
0.999956 -0.007913 0.005000 0.000000 0.007981 0.999872 -0.013837 0.092200 -0.004889 0.013877 0.999892 -0.004300 0.000000 0.000000 0.000000 1.000000
0.999977 -0.006729 -0.000078 0.000000 0.006729 0.999966 -0.004700 0.092200 0.000110 0.004699 0.999989 -0.004300 0.000000 0.000000 0.000000 1.000000
0.999984 -0.005077 -0.002549 0.000000 0.005083 0.999985 0.002271 0.092200 0.002538 -0.002284 0.999994 -0.004300 0.000000 0.000000 0.000000 1.000000
0.999992 -0.003383 -0.002313 -0.000000 0.003404 0.999952 0.009202 0.092200 0.002282 -0.009210 0.999955 -0.004300 0.000000 0.000000 0.000000 1.000000
0.999998 -0.001345 -0.001762 0.000000 0.001377 0.999827 0.018524 0.092200 0.001737 -0.018527 0.999827 -0.004300 0.000000 0.000000 0.000000 1.000000
0.999999 0.000097 -0.001432 0.000000 -0.000056 0.999597 0.028385 0.092200 0.001434 -0.028385 0.999596 -0.004300 0.000000 0.000000 0.000000 1.000000
1.000000 -0.000679 0.000029 0.000000 0.000678 0.999438 0.033526 0.092200 -0.000052 -0.033526 0.999438 -0.004300 0.000000 0.000000 0.000000 1.000000
0.999998 0.000116 0.001874 0.000000 -0.000181 0.999384 0.035084 0.092200 -0.001869 -0.035084 0.999383 -0.004300 0.000000 0.000000 0.000000 1.000000
0.999998 0.000173 0.002207 0.000000 -0.000247 0.999422 0.033988 0.092200 -0.002200 -0.033989 0.999420 -0.004300 0.000000 0.000000 0.000000 1.000000
0.999998 -0.000314 0.001844 0.000000 0.000251 0.999418 0.034110 0.092200 -0.001854 -0.034110 0.999416 -0.004300 0.000000 0.000000 0.000000 1.000000
0.999998 -0.000563 0.001922 0.000000 0.000494 0.999373 0.035395 0.092200 -0.001941 -0.035394 0.999372 -0.004300 0.000000 0.000000 0.000000 1.000000
0.999995 0.000205 0.003199 0.000000 -0.000314 0.999411 0.034325 0.092200 -0.003190 -0.034326 0.999406 -0.004300 0.000000 0.000000 0.000000 1.000000
0.999992 0.000605 0.004053 0.000000 -0.000743 0.999422 0.033975 0.092200 -0.004030 -0.033978 0.999414 -0.004300 0.000000 0.000000 0.000000 1.000000
0.999986 0.000782 0.005193 -0.000000 -0.000955 0.999440 0.033448 0.092200 -0.005164 -0.033453 0.999427 -0.004300 0.000000 0.000000 0.000000 1.000000
0.999981 0.001863 0.005858 0.000000 -0.002050 0.999482 0.032120 0.092200 -0.005795 -0.032132 0.999467 -0.004300 0.000000 0.000000 0.000000 1.000000
0.999977 0.003825 0.005683 0.000000 -0.003995 0.999537 0.030168 0.092200 -0.005565 -0.030190 0.999529 -0.004300 0.000000 0.000000 0.000000 1.000000
0.999973 0.005406 0.005050 -0.000000 -0.005547 0.999582 0.028386 0.092200 -0.004895 -0.028413 0.999584 -0.004300 0.000000 0.000000 0.000000 1.000000
0.999969 0.005622 0.005579 -0.000000 -0.005766 0.999641 0.026150 0.092200 -0.005430 -0.026181 0.999642 -0.004300 0.000000 0.000000 0.000000 1.000000
0.999962 0.005940 0.006442 -0.000000 -0.006094 0.999686 0.024302 0.092200 -0.006295 -0.024341 0.999684 -0.004300 0.000000 0.000000 0.000000 1.000000
0.999961 0.005515 0.006904 0.000000 -0.005657 0.999769 0.020712 0.092200 -0.006788 -0.020750 0.999762 -0.004300 0.000000 0.000000 0.000000 1.000000
0.999976 0.004312 0.005351 -0.000000 -0.004406 0.999836 0.017572 0.092200 -0.005274 -0.017595 0.999831 -0.004300 0.000000 0.000000 0.000000 1.000000
0.999994 0.003400 0.000466 0.000000 -0.003408 0.999808 0.019307 0.092200 -0.000400 -0.019309 0.999813 -0.004300 0.000000 0.000000 0.000000 1.000000
0.999992 0.003964 -0.000164 0.000000 -0.003962 0.999929 0.011215 0.092200 0.000209 -0.011215 0.999937 -0.004300 0.000000 0.000000 0.000000 1.000000
0.999991 0.003310 0.002679 0.000000 -0.003311 0.999994 0.000408 0.092200 -0.002678 -0.000417 0.999996 -0.004300 0.000000 0.000000 0.000000 1.000000
0.999994 0.002241 0.002737 0.000000 -0.002228 0.999985 -0.005044 0.092200 -0.002748 0.005038 0.999984 -0.004300 0.000000 0.000000 0.000000 1.000000
0.999999 0.001040 -0.000237 0.000000 -0.001042 0.999984 -0.005518 0.092200 0.000231 0.005518 0.999985 -0.004300 0.000000 0.000000 0.000000 1.000000
1.000000 -0.000598 -0.000427 0.000000 0.000594 0.999958 -0.009141 0.092200 0.000432 0.009140 0.999958 -0.004300 0.000000 0.000000 0.000000 1.000000
0.999998 -0.001315 0.001609 0.000000 0.001342 0.999852 -0.017165 0.092200 -0.001586 0.017167 0.999851 -0.004300 0.000000 0.000000 0.000000 1.000000
0.999988 -0.000565 0.004943 0.000000 0.000692 0.999665 -0.025884 0.092200 -0.004927 0.025887 0.999653 -0.004300 0.000000 0.000000 0.000000 1.000000
0.999973 -0.000087 0.007350 0.000000 0.000324 0.999480 -0.032234 0.092200 -0.007344 0.032236 0.999453 -0.004300 0.000000 0.000000 0.000000 1.000000
0.999961 0.000395 0.008846 0.000000 -0.000071 0.999330 -0.036602 0.092200 -0.008855 0.036600 0.999291 -0.004300 0.000000 0.000000 0.000000 1.000000
0.999931 0.002902 0.011358 -0.000000 -0.002418 0.999099 -0.042361 0.092200 -0.011471 0.042331 0.999038 -0.004300 0.000000 0.000000 0.000000 1.000000
0.999899 0.004169 0.013580 -0.000000 -0.003488 0.998756 -0.049744 0.092200 -0.013771 0.049692 0.998670 -0.004300 0.000000 0.000000 0.000000 1.000000
0.999877 0.005603 0.014660 0.000000 -0.004742 0.998300 -0.058089 0.092200 -0.014960 0.058012 0.998204 -0.004300 0.000000 0.000000 0.000000 1.000000
0.999872 0.006208 0.014718 0.000000 -0.005234 0.997854 -0.065261 0.092200 -0.015092 0.065176 0.997760 -0.004300 0.000000 0.000000 0.000000 1.000000
0.999896 0.005564 0.013329 0.000000 -0.004616 0.997532 -0.070067 0.092200 -0.013686 0.069999 0.997453 -0.004300 0.000000 0.000000 0.000000 1.000000
0.999944 0.004030 0.009745 0.000000 -0.003315 0.997378 -0.072298 0.092200 -0.010011 0.072262 0.997335 -0.004300 0.000000 0.000000 0.000000 1.000000
0.999982 0.001171 0.005871 0.000000 -0.000756 0.997527 -0.070281 0.092200 -0.005939 0.070275 0.997510 -0.004300 0.000000 0.000000 0.000000 1.000000
0.999987 -0.001460 0.004888 0.000000 0.001755 0.998135 -0.061019 0.092200 -0.004790 0.061027 0.998125 -0.004300 0.000000 0.000000 0.000000 1.000000
0.999963 -0.006552 0.005650 0.000000 0.006802 0.998950 -0.045299 0.092200 -0.005347 0.045336 0.998957 -0.004300 0.000000 0.000000 0.000000 1.000000
0.999912 -0.011432 0.006694 -0.000000 0.011631 0.999469 -0.030427 0.092200 -0.006343 0.030503 0.999515 -0.004300 0.000000 0.000000 0.000000 1.000000
0.999928 -0.009563 0.007242 0.000000 0.009755 0.999587 -0.027029 0.092200 -0.006981 0.027098 0.999608 -0.004300 0.000000 0.000000 0.000000 1.000000
0.999936 -0.009955 0.005423 0.000000 0.010102 0.999565 -0.027691 0.092200 -0.005145 0.027744 0.999602 -0.004300 0.000000 0.000000 0.000000 1.000000
0.999934 -0.010901 0.003518 0.000000 0.011000 0.999507 -0.029400 0.092200 -0.003196 0.029436 0.999562 -0.004300 0.000000 0.000000 0.000000 1.000000
0.999940 -0.010462 0.003223 -0.000000 0.010548 0.999558 -0.027793 0.092200 -0.002931 0.027825 0.999609 -0.004300 0.000000 0.000000 0.000000 1.000000
0.999958 -0.007876 0.004680 0.000000 0.007978 0.999724 -0.022105 0.092200 -0.004505 0.022141 0.999745 -0.004300 0.000000 0.000000 0.000000 1.000000
0.999970 -0.003824 0.006794 -0.000000 0.003927 0.999876 -0.015258 0.092200 -0.006735 0.015284 0.999861 -0.004300 0.000000 0.000000 0.000000 1.000000
0.999940 0.000597 0.010981 0.000000 -0.000492 0.999954 -0.009598 0.092200 -0.010986 0.009592 0.999894 -0.004300 0.000000 0.000000 0.000000 1.000000
0.999925 0.001735 0.012152 0.000000 -0.001658 0.999978 -0.006359 0.092200 -0.012163 0.006339 0.999906 -0.004300 0.000000 0.000000 0.000000 1.000000
0.999938 0.001585 0.010986 0.000000 -0.001544 0.999992 -0.003740 0.092200 -0.010992 0.003723 0.999933 -0.004300 0.000000 0.000000 0.000000 1.000000
0.999952 0.001465 0.009651 0.000000 -0.001452 0.999998 -0.001367 0.092200 -0.009653 0.001353 0.999952 -0.004300 0.000000 0.000000 0.000000 1.000000
0.999945 0.001163 0.010418 0.000000 -0.001158 0.999999 -0.000497 0.092200 -0.010419 0.000485 0.999946 -0.004300 0.000000 0.000000 0.000000 1.000000
0.999935 -0.000321 0.011388 -0.000000 0.000336 0.999999 -0.001274 0.092200 -0.011387 0.001278 0.999934 -0.004300 0.000000 0.000000 0.000000 1.000000
0.999910 0.001130 0.013366 0.000000 -0.001160 0.999997 0.002192 0.092200 -0.013364 -0.002207 0.999908 -0.004300 0.000000 0.000000 0.000000 1.000000
0.999824 0.001939 0.018651 0.000000 -0.002099 0.999961 0.008556 0.092200 -0.018634 -0.008593 0.999789 -0.004300 0.000000 0.000000 0.000000 1.000000
0.999676 0.001103 0.025425 0.000000 -0.001471 0.999894 0.014484 0.092200 -0.025406 -0.014517 0.999572 -0.004300 0.000000 0.000000 0.000000 1.000000
0.999588 0.001036 0.028690 -0.000000 -0.001516 0.999859 0.016697 0.092200 -0.028668 -0.016733 0.999449 -0.004300 0.000000 0.000000 0.000000 1.000000
0.999527 0.001741 0.030703 -0.000000 -0.002354 0.999798 0.019945 0.092200 -0.030662 -0.020008 0.999330 -0.004300 0.000000 0.000000 0.000000 1.000000
0.999379 -0.000637 0.035221 0.000000 -0.000167 0.999740 0.022812 0.092200 -0.035226 -0.022804 0.999119 -0.004300 0.000000 0.000000 0.000000 1.000000
0.999293 -0.003850 0.037396 0.000000 0.003020 0.999749 0.022212 0.092200 -0.037472 -0.022084 0.999054 -0.004300 0.000000 0.000000 0.000000 1.000000</float_array>
        <technique_common>
          <accessor source="#mixamorig_Spine-Matrix-animation-output-transform-array" count="94" stride="16">
            <param type="float4x4"/>
          </accessor>
        </technique_common>
      </source>
      <source id="mixamorig_Spine-Interpolations">
        <Name_array id="mixamorig_Spine-Interpolations-array" count="94">
 LINEAR LINEAR LINEAR LINEAR LINEAR LINEAR LINEAR LINEAR LINEAR LINEAR LINEAR
LINEAR LINEAR LINEAR LINEAR LINEAR LINEAR LINEAR LINEAR LINEAR LINEAR LINEAR LINEAR
LINEAR LINEAR LINEAR LINEAR LINEAR LINEAR LINEAR LINEAR LINEAR LINEAR LINEAR LINEAR
LINEAR LINEAR LINEAR LINEAR LINEAR LINEAR LINEAR LINEAR LINEAR LINEAR LINEAR LINEAR
LINEAR LINEAR LINEAR LINEAR LINEAR LINEAR LINEAR LINEAR LINEAR LINEAR LINEAR LINEAR
LINEAR LINEAR LINEAR LINEAR LINEAR LINEAR LINEAR LINEAR LINEAR LINEAR LINEAR LINEAR
LINEAR LINEAR LINEAR LINEAR LINEAR LINEAR LINEAR LINEAR LINEAR LINEAR LINEAR LINEAR
LINEAR LINEAR LINEAR LINEAR LINEAR LINEAR LINEAR LINEAR LINEAR LINEAR LINEAR</Name_array>
        <technique_common>
          <accessor source="#mixamorig_Spine-Interpolations-array" count="94">
            <param type="name"/>
          </accessor>
        </technique_common>
      </source>
      <sampler id="mixamorig_Spine-Matrix-animation-transform">
        <input semantic="INPUT" source="#mixamorig_Spine-Matrix-animation-input"/>
        <input semantic="OUTPUT" source="#mixamorig_Spine-Matrix-animation-output-transform"/>
        <input semantic="INTERPOLATION" source="#mixamorig_Spine-Interpolations"/>
      </sampler>
      <channel source="#mixamorig_Spine-Matrix-animation-transform" target="mixamorig_Spine/matrix"/>
      <source id="mixamorig_Spine1-Matrix-animation-input">
        <float_array id="mixamorig_Spine1-Matrix-animation-input-array" count="94">

0.000000 0.033333 0.066667 0.100000 0.133333 0.166667 0.200000 0.233333 0.266667 0.300000 0.333333 0.366667 0.400000 0.433333 0.466667 0.500000
0.533333 0.566667 0.600000 0.633333 0.666667 0.700000 0.733333 0.766667 0.800000 0.833333 0.866667 0.900000 0.933333 0.966667 1.000000 1.033333
1.066667 1.100000 1.133333 1.166667 1.200000 1.233333 1.266667 1.300000 1.333333 1.366667 1.400000 1.433333 1.466667 1.500000 1.533333 1.566667
1.600000 1.633333 1.666667 1.700000 1.733333 1.766667 1.800000 1.833333 1.866667 1.900000 1.933333 1.966667 2.000000 2.033333 2.066667 2.100000
2.133333 2.166667 2.200000 2.233333 2.266667 2.300000 2.333333 2.366667 2.400000 2.433333 2.466667 2.500000 2.533333 2.566667 2.600000 2.633333
2.666667 2.700000 2.733333 2.766667 2.800000 2.833333 2.866667 2.900000 2.933333 2.966667 3.000000 3.033333 3.066667 3.100000</float_array>
        <technique_common>
          <accessor source="#mixamorig_Spine1-Matrix-animation-input-array" count="94">
            <param name="TIME" type="float"/>
          </accessor>
        </technique_common>
      </source>
      <source id="mixamorig_Spine1-Matrix-animation-output-transform">
        <float_array id="mixamorig_Spine1-Matrix-animation-output-transform-array" count="1504">

0.999670 -0.002914 0.025524 -0.000000 0.003729 0.999483 -0.031940 0.107600 -0.025418 0.032024 0.999164 -0.000000 0.000000 0.000000 0.000000 1.000000
0.999805 -0.003154 0.019480 0.000000 0.003858 0.999337 -0.036190 0.107600 -0.019353 0.036258 0.999155 0.000000 0.000000 0.000000 0.000000 1.000000
0.999884 -0.003383 0.014862 -0.000000 0.003913 0.999351 -0.035813 0.107600 -0.014731 0.035867 0.999248 0.000000 0.000000 0.000000 0.000000 1.000000
0.999919 -0.003201 0.012350 0.000000 0.003628 0.999391 -0.034700 0.107600 -0.012231 0.034742 0.999321 0.000000 0.000000 0.000000 0.000000 1.000000
0.999931 -0.002713 0.011417 -0.000000 0.003124 0.999340 -0.036188 0.107600 -0.011312 0.036222 0.999280 0.000000 0.000000 0.000000 0.000000 1.000000
0.999941 -0.002384 0.010594 -0.000000 0.002816 0.999155 -0.041004 0.107600 -0.010488 0.041032 0.999103 0.000000 0.000000 0.000000 0.000000 1.000000
0.999954 -0.001713 0.009468 -0.000000 0.002127 0.999031 -0.043969 0.107600 -0.009383 0.043987 0.998988 0.000000 0.000000 0.000000 0.000000 1.000000
0.999967 -0.001737 0.007917 0.000000 0.002094 0.998968 -0.045376 0.107600 -0.007830 0.045391 0.998939 -0.000000 0.000000 0.000000 0.000000 1.000000
0.999983 -0.001275 0.005628 -0.000000 0.001542 0.998861 -0.047682 0.107600 -0.005561 0.047690 0.998847 0.000000 0.000000 0.000000 0.000000 1.000000
0.999995 -0.000301 0.003090 -0.000000 0.000460 0.998666 -0.051641 0.107600 -0.003070 0.051642 0.998661 -0.000000 0.000000 0.000000 0.000000 1.000000
0.999999 -0.000005 0.001346 0.000000 0.000081 0.998438 -0.055868 0.107600 -0.001344 0.055868 0.998437 -0.000000 0.000000 0.000000 0.000000 1.000000
1.000000 -0.000188 -0.000681 -0.000000 0.000148 0.998294 -0.058380 0.107600 0.000691 0.058380 0.998294 0.000000 0.000000 0.000000 0.000000 1.000000
0.999999 -0.000000 -0.001092 -0.000000 -0.000065 0.998236 -0.059365 0.107600 0.001090 0.059365 0.998236 0.000000 0.000000 0.000000 0.000000 1.000000
1.000000 -0.000423 -0.000347 0.000000 0.000402 0.998261 -0.058941 0.107600 0.000371 0.058941 0.998261 -0.000000 0.000000 0.000000 0.000000 1.000000
0.999998 -0.001650 0.000770 0.000000 0.001693 0.998261 -0.058922 0.107600 -0.000671 0.058923 0.998262 -0.000000 0.000000 0.000000 0.000000 1.000000
0.999995 -0.002811 0.001666 0.000000 0.002910 0.998046 -0.062419 0.107600 -0.001487 0.062423 0.998049 0.000000 0.000000 0.000000 0.000000 1.000000
0.999991 -0.002881 0.003109 0.000000 0.003092 0.997548 -0.069911 0.107600 -0.002900 0.069920 0.997548 -0.000000 0.000000 0.000000 0.000000 1.000000
0.999986 -0.001964 0.004846 0.000000 0.002373 0.996293 -0.085993 0.107600 -0.004659 0.086003 0.996284 0.000000 0.000000 0.000000 0.000000 1.000000
0.999978 -0.001328 0.006568 0.000000 0.002019 0.994326 -0.106354 0.107600 -0.006389 0.106364 0.994307 -0.000000 0.000000 0.000000 0.000000 1.000000
0.999969 -0.001370 0.007722 0.000000 0.002339 0.991917 -0.126867 0.107600 -0.007486 0.126881 0.991890 -0.000000 0.000000 0.000000 0.000000 1.000000
0.999969 -0.001480 0.007758 0.000000 0.002593 0.989340 -0.145601 0.107600 -0.007460 0.145617 0.989313 0.000000 0.000000 0.000000 0.000000 1.000000
0.999966 -0.001224 0.008097 -0.000000 0.002552 0.986111 -0.166066 0.107600 -0.007781 0.166081 0.986081 0.000000 0.000000 0.000000 0.000000 1.000000
0.999926 -0.000946 0.012108 0.000000 0.003154 0.982994 -0.183608 0.107600 -0.011728 0.183633 0.982925 0.000000 0.000000 0.000000 0.000000 1.000000
0.999885 -0.001058 0.015158 -0.000000 0.003995 0.980777 -0.195093 0.107600 -0.014660 0.195131 0.980668 -0.000000 0.000000 0.000000 0.000000 1.000000
0.999875 -0.001284 0.015788 0.000000 0.004420 0.979734 -0.200254 0.107600 -0.015211 0.200299 0.979617 -0.000000 0.000000 0.000000 0.000000 1.000000
0.999867 -0.000790 0.016284 0.000000 0.004043 0.979640 -0.200723 0.107600 -0.015793 0.200762 0.979513 0.000000 0.000000 0.000000 0.000000 1.000000
