<?xml version="1.0" encoding="utf-8"?>
<COLLADA xmlns="http://www.collada.org/2005/11/COLLADASchema" version="1.4.1">
  <asset>
    <contributor>
      <author>Mixamo</author>
      <authoring_tool>COLLADA Mixamo exporter</authoring_tool>
      <comments/>
    </contributor>
    <created>2018-09-02T15:08:19Z</created>
    <modified>2018-09-02T15:08:19Z</modified>
    <revision/>
    <title/>
    <unit meter="0.010000"/>
    <up_axis>Y_UP</up_axis>
  </asset>
  <library_animations>
    <animation name="running" id="running">
      <source id="mixamorig_Hips-Matrix-animation-input">
        <float_array id="mixamorig_Hips-Matrix-animation-input-array" count="36">

0.000000 0.033333 0.066667 0.100000 0.133333 0.166667 0.200000 0.233333 0.266667 0.300000 0.333333 0.366667 0.400000 0.433333 0.466667 0.500000
0.533333 0.566667 0.600000 0.633333 0.666667 0.700000 0.733333 0.766667 0.800000 0.833333 0.866667 0.900000 0.933333 0.966667 1.000000 1.033333
1.066667 1.100000 1.133333 1.166667</float_array>
        <technique_common>
          <accessor source="#mixamorig_Hips-Matrix-animation-input-array" count="36">
            <param name="TIME" type="float"/>
          </accessor>
        </technique_common>
      </source>
      <source id="mixamorig_Hips-Matrix-animation-output-transform">
        <float_array id="mixamorig_Hips-Matrix-animation-output-transform-array" count="576">

0.951928 0.004243 -0.306292 0.000788 -0.071264 0.975537 -0.207966 0.927272 0.297916 0.219796 0.928943 -0.000856 0.000000 0.000000 0.000000 1.000000
0.961421 -0.049591 -0.270574 -0.000678 -0.012450 0.974764 -0.222892 0.938070 0.274799 0.217662 0.936541 -0.007805 0.000000 0.000000 0.000000 1.000000
0.968784 -0.085781 -0.232591 -0.001788 0.026379 0.968570 -0.247340 0.950366 0.246497 0.233483 0.940598 -0.014564 0.000000 0.000000 0.000000 1.000000
0.974406 -0.101483 -0.200583 -0.002060 0.043029 0.960001 -0.276672 0.964717 0.220637 0.260960 0.939797 -0.020246 0.000000 0.000000 0.000000 1.000000
0.978576 -0.098918 -0.180566 -0.001348 0.040510 0.952386 -0.302192 0.980444 0.201861 0.288403 0.935989 -0.024006 0.000000 0.000000 0.000000 1.000000
0.981681 -0.082563 -0.171716 0.000084 0.024962 0.949199 -0.313685 0.995480 0.188892 0.303652 0.933871 -0.025319 0.000000 0.000000 0.000000 1.000000
0.984674 -0.059532 -0.163930 0.001550 0.006782 0.952298 -0.305095 1.005685 0.174273 0.299308 0.938107 -0.024587 0.000000 0.000000 0.000000 1.000000
0.988174 -0.036621 -0.148899 0.002800 -0.007308 0.958710 -0.284290 1.006574 0.153162 0.282016 0.947105 -0.023977 0.000000 0.000000 0.000000 1.000000
0.991983 -0.016864 -0.125239 0.004352 -0.016662 0.964947 -0.261914 0.997502 0.125266 0.261901 0.956931 -0.024010 0.000000 0.000000 0.000000 1.000000
0.995398 -0.004150 -0.095740 0.006988 -0.019644 0.969010 -0.246240 0.980125 0.093795 0.246987 0.964469 -0.025210 0.000000 0.000000 0.000000 1.000000
0.997842 -0.003051 -0.065593 0.011472 -0.012875 0.970439 -0.241001 0.957880 0.064389 0.241326 0.968306 -0.028464 0.000000 0.000000 0.000000 1.000000
0.999124 -0.017184 -0.038156 0.017740 0.007391 0.969933 -0.243261 0.934575 0.041189 0.242766 0.969210 -0.035911 0.000000 0.000000 0.000000 1.000000
0.999290 -0.036389 -0.009741 0.024112 0.032866 0.968562 -0.246592 0.914226 0.018408 0.246097 0.969071 -0.048475 0.000000 0.000000 0.000000 1.000000
0.998740 -0.043457 0.025109 0.028872 0.048311 0.967986 -0.246309 0.900547 -0.013601 0.247212 0.968866 -0.063421 0.000000 0.000000 0.000000 1.000000
0.997308 -0.027788 0.067859 0.030976 0.043427 0.969494 -0.241236 0.896068 -0.059085 0.243533 0.968091 -0.076746 0.000000 0.000000 0.000000 1.000000
0.993317 0.011276 0.114866 0.030316 0.016059 0.972035 -0.234287 0.901523 -0.114295 0.234566 0.965358 -0.084228 0.000000 0.000000 0.000000 1.000000
0.986246 0.061053 0.153598 0.028221 -0.024405 0.972883 -0.230005 0.913677 -0.163475 0.223093 0.960992 -0.083999 0.000000 0.000000 0.000000 1.000000
0.979309 0.108276 0.170967 0.026156 -0.067076 0.970741 -0.230570 0.926919 -0.190930 0.214331 0.957918 -0.079111 0.000000 0.000000 0.000000 1.000000
0.975842 0.144416 0.163941 0.024871 -0.103393 0.966292 -0.235773 0.939182 -0.192465 0.213127 0.957880 -0.072535 0.000000 0.000000 0.000000 1.000000
0.976810 0.164847 0.136632 0.024652 -0.127969 0.961114 -0.244710 0.951081 -0.171659 0.221551 0.959921 -0.065712 0.000000 0.000000 0.000000 1.000000
0.980631 0.168852 0.099257 0.025372 -0.138696 0.956457 -0.256814 0.965146 -0.138298 0.238073 0.961350 -0.058241 0.000000 0.000000 0.000000 1.000000
0.984936 0.160922 0.063294 0.026604 -0.138615 0.953570 -0.267377 0.982353 -0.103382 0.254576 0.961511 -0.048117 0.000000 0.000000 0.000000 1.000000
0.988918 0.145077 0.031541 0.028109 -0.131430 0.954268 -0.268511 0.998903 -0.069053 0.261389 0.962760 -0.034198 0.000000 0.000000 0.000000 1.000000
0.991913 0.126878 0.003146 0.029797 -0.121768 0.958370 -0.258262 1.009906 -0.035783 0.255790 0.966070 -0.018164 0.000000 0.000000 0.000000 1.000000
0.993557 0.110983 -0.022960 0.031439 -0.113246 0.964253 -0.239564 1.011747 -0.004448 0.240621 0.970609 -0.002513 0.000000 0.000000 0.000000 1.000000
0.993897 0.099943 -0.046681 0.032618 -0.107815 0.969624 -0.219559 1.002918 0.023319 0.223252 0.974482 0.010181 0.000000 0.000000 0.000000 1.000000
0.993473 0.092596 -0.066618 0.032660 -0.104465 0.973104 -0.205317 0.985492 0.045815 0.210936 0.976426 0.019175 0.000000 0.000000 0.000000 1.000000
0.992645 0.089995 -0.080977 0.031163 -0.104459 0.974793 -0.197146 0.961731 0.061194 0.204155 0.977024 0.024401 0.000000 0.000000 0.000000 1.000000
0.991216 0.095613 -0.091369 0.028361 -0.111779 0.974925 -0.192424 0.934744 0.070680 0.200947 0.977049 0.024857 0.000000 0.000000 0.000000 1.000000
0.988675 0.109887 -0.102206 0.024632 -0.127682 0.973811 -0.188123 0.908388 0.078857 0.199042 0.976813 0.020022 0.000000 0.000000 0.000000 1.000000
0.984457 0.128437 -0.119787 0.020424 -0.148915 0.972028 -0.181620 0.887067 0.093109 0.196635 0.976046 0.010390 0.000000 0.000000 0.000000 1.000000
0.979133 0.137398 -0.149733 0.016470 -0.162726 0.971443 -0.172682 0.875631 0.121731 0.193444 0.973530 -0.000818 0.000000 0.000000 0.000000 1.000000
0.973729 0.125742 -0.189844 0.012725 -0.158082 0.973350 -0.166130 0.876205 0.163895 0.191777 0.967657 -0.009447 0.000000 0.000000 0.000000 1.000000
0.967486 0.095351 -0.234265 0.009056 -0.136895 0.976233 -0.168015 0.887029 0.212677 0.194622 0.957544 -0.012953 0.000000 0.000000 0.000000 1.000000
0.959958 0.052179 -0.275241 0.005177 -0.105399 0.977583 -0.182272 0.905200 0.259560 0.203984 0.943938 -0.009954 0.000000 0.000000 0.000000 1.000000
0.951928 0.004243 -0.306292 0.000788 -0.071264 0.975537 -0.207966 0.927272 0.297916 0.219796 0.928943 -0.000856 0.000000 0.000000 0.000000 1.000000</float_array>
        <technique_common>
          <accessor source="#mixamorig_Hips-Matrix-animation-output-transform-array" count="36" stride="16">
            <param type="float4x4"/>
          </accessor>
        </technique_common>
      </source>
      <source id="mixamorig_Hips-Interpolations">
        <Name_array id="mixamorig_Hips-Interpolations-array" count="36">
 LINEAR LINEAR LINEAR LINEAR LINEAR LINEAR LINEAR LINEAR LINEAR LINEAR LINEAR
LINEAR LINEAR LINEAR LINEAR LINEAR LINEAR LINEAR LINEAR LINEAR LINEAR LINEAR LINEAR
LINEAR LINEAR LINEAR LINEAR LINEAR LINEAR LINEAR LINEAR LINEAR LINEAR LINEAR LINEAR
LINEAR</Name_array>
        <technique_common>
          <accessor source="#mixamorig_Hips-Interpolations-array" count="36">
            <param type="name"/>
          </accessor>
        </technique_common>
      </source>
      <sampler id="mixamorig_Hips-Matrix-animation-transform">
        <input semantic="INPUT" source="#mixamorig_Hips-Matrix-animation-input"/>
        <input semantic="OUTPUT" source="#mixamorig_Hips-Matrix-animation-output-transform"/>
        <input semantic="INTERPOLATION" source="#mixamorig_Hips-Interpolations"/>
      </sampler>
      <channel source="#mixamorig_Hips-Matrix-animation-transform" target="mixamorig_Hips/matrix"/>
      <source id="mixamorig_Spine-Matrix-animation-input">
        <float_array id="mixamorig_Spine-Matrix-animation-input-array" count="36">

0.000000 0.033333 0.066667 0.100000 0.133333 0.166667 0.200000 0.233333 0.266667 0.300000 0.333333 0.366667 0.400000 0.433333 0.466667 0.500000
0.533333 0.566667 0.600000 0.633333 0.666667 0.700000 0.733333 0.766667 0.800000 0.833333 0.866667 0.900000 0.933333 0.966667 1.000000 1.033333
1.066667 1.100000 1.133333 1.166667</float_array>
        <technique_common>
          <accessor source="#mixamorig_Spine-Matrix-animation-input-array" count="36">
            <param name="TIME" type="float"/>
          </accessor>
        </technique_common>
      </source>
      <source id="mixamorig_Spine-Matrix-animation-output-transform">
        <float_array id="mixamorig_Spine-Matrix-animation-output-transform-array" count="576">

0.981023 0.041542 0.189388 0.000000 0.000512 0.976220 -0.216782 0.092200 -0.193890 0.212766 0.957673 -0.004300 0.000000 0.000000 0.000000 1.000000
0.972688 0.105886 0.206559 -0.000000 -0.061000 0.975219 -0.212665 0.092200 -0.223958 0.194256 0.955043 -0.004300 0.000000 0.000000 0.000000 1.000000
0.964300 0.148842 0.219023 0.000000 -0.105149 0.974307 -0.199172 0.092200 -0.243040 0.169032 0.955175 -0.004300 0.000000 0.000000 0.000000 1.000000
0.957748 0.170035 0.231964 -0.000000 -0.130519 0.975649 -0.176279 0.092200 -0.256289 0.138555 0.956618 -0.004300 0.000000 0.000000 0.000000 1.000000
0.953778 0.173386 0.245449 -0.000000 -0.139366 0.978831 -0.149892 0.092200 -0.266242 0.108757 0.957751 -0.004300 0.000000 0.000000 0.000000 1.000000
0.953245 0.164978 0.253193 -0.000000 -0.135795 0.982326 -0.128819 0.092200 -0.269970 0.088414 0.958801 -0.004300 0.000000 0.000000 0.000000 1.000000
0.957645 0.152038 0.244541 0.000000 -0.125377 0.984677 -0.121212 0.092200 -0.259223 0.085418 0.962033 -0.004300 0.000000 0.000000 0.000000 1.000000
0.965575 0.139276 0.219699 0.000000 -0.113903 0.985690 -0.124265 0.092200 -0.233863 0.094963 0.967621 -0.004300 0.000000 0.000000 0.000000 1.000000
0.974411 0.127030 0.185437 0.000000 -0.103834 0.986078 -0.129879 0.092200 -0.199353 0.107301 0.974035 -0.004300 0.000000 0.000000 0.000000 1.000000
0.981998 0.117761 0.147690 0.000000 -0.098356 0.986298 -0.132451 0.092200 -0.161264 0.115540 0.980125 -0.004300 0.000000 0.000000 0.000000 1.000000
0.987146 0.116233 0.109694 -0.000000 -0.101547 0.986154 -0.131107 0.092200 -0.123415 0.118283 0.985281 -0.004300 0.000000 0.000000 0.000000 1.000000
0.989531 0.127203 0.068175 0.000000 -0.117270 0.984031 -0.133907 0.092200 -0.084120 0.124510 0.988646 -0.004300 0.000000 0.000000 0.000000 1.000000
0.989538 0.142860 0.020152 0.000000 -0.138428 0.979490 -0.146414 0.092200 -0.040655 0.142093 0.989018 -0.004300 0.000000 0.000000 0.000000 1.000000
0.988722 0.146288 -0.032078 0.000000 -0.149589 0.974975 -0.164462 0.092200 0.007216 0.167406 0.985862 -0.004300 0.000000 0.000000 0.000000 1.000000
0.988474 0.125977 -0.083952 0.000000 -0.139542 0.973239 -0.182578 0.092200 0.058705 0.192189 0.979601 -0.004300 0.000000 0.000000 0.000000 1.000000
0.988172 0.080031 -0.130813 0.000000 -0.104813 0.975152 -0.195172 0.092200 0.111943 0.206574 0.972006 -0.004300 0.000000 0.000000 0.000000 1.000000
0.985206 0.020048 -0.170196 0.000000 -0.054406 0.978346 -0.199697 0.092200 0.162507 0.206002 0.964964 -0.004300 0.000000 0.000000 0.000000 1.000000
0.978957 -0.039672 -0.200174 -0.000000 -0.001202 0.979783 -0.200061 0.092200 0.204064 0.196092 0.959117 -0.004300 0.000000 0.000000 0.000000 1.000000
0.971131 -0.088598 -0.221484 -0.000000 0.044078 0.979129 -0.198403 0.092200 0.234440 0.182912 0.954768 -0.004300 0.000000 0.000000 0.000000 1.000000
0.964284 -0.120962 -0.235637 -0.000000 0.075271 0.978096 -0.194071 0.092200 0.253951 0.169403 0.952267 -0.004300 0.000000 0.000000 0.000000 1.000000
0.960030 -0.135735 -0.244783 0.000000 0.091260 0.978549 -0.184697 0.092200 0.264602 0.154976 0.951824 -0.004300 0.000000 0.000000 0.000000 1.000000
0.958627 -0.137851 -0.249062 0.000000 0.097394 0.980951 -0.168074 0.092200 0.267487 0.136863 0.953792 -0.004300 0.000000 0.000000 0.000000 1.000000
0.960210 -0.132730 -0.245722 -0.000000 0.098222 0.984132 -0.147770 0.092200 0.261437 0.117755 0.958011 -0.004300 0.000000 0.000000 0.000000 1.000000
0.964003 -0.126049 -0.234115 0.000000 0.097379 0.986686 -0.130264 0.092200 0.247417 0.102777 0.963443 -0.004300 0.000000 0.000000 0.000000 1.000000
0.968726 -0.121446 -0.216380 0.000000 0.097083 0.988027 -0.119907 0.092200 0.228352 0.095150 0.968918 -0.004300 0.000000 0.000000 0.000000 1.000000
0.973086 -0.119910 -0.196786 0.000000 0.098022 0.988228 -0.117461 0.092200 0.208554 0.095010 0.973385 -0.004300 0.000000 0.000000 0.000000 1.000000
0.976618 -0.119260 -0.178867 0.000000 0.099084 0.988081 -0.117806 0.092200 0.190785 0.097328 0.976795 -0.004300 0.000000 0.000000 0.000000 1.000000
0.979415 -0.121152 -0.161456 0.000000 0.102298 0.987441 -0.120399 0.092200 0.174015 0.101404 0.979508 -0.004300 0.000000 0.000000 0.000000 1.000000
0.981577 -0.129805 -0.140202 0.000000 0.111768 0.985238 -0.129671 0.092200 0.154964 0.111612 0.981595 -0.004300 0.000000 0.000000 0.000000 1.000000
0.983133 -0.145506 -0.110800 0.000000 0.128334 0.980490 -0.148891 0.092200 0.130303 0.132161 0.982626 -0.004300 0.000000 0.000000 0.000000 1.000000
0.984188 -0.162501 -0.070474 -0.000000 0.147873 0.972836 -0.178114 0.092200 0.097503 0.164876 0.981483 -0.004300 0.000000 0.000000 0.000000 1.000000
0.985988 -0.165230 -0.022967 0.000000 0.156836 0.965070 -0.209861 0.092200 0.056840 0.203318 0.977461 -0.004300 0.000000 0.000000 0.000000 1.000000
0.989577 -0.141676 0.025793 0.000000 0.143771 0.961813 -0.232906 0.092200 0.008189 0.234187 0.972157 -0.004300 0.000000 0.000000 0.000000 1.000000
0.992726 -0.094005 0.075216 0.000000 0.109624 0.964077 -0.241949 0.092200 -0.049770 0.248434 0.967369 -0.004300 0.000000 0.000000 0.000000 1.000000
0.991283 -0.029453 0.128413 0.000000 0.059312 0.970097 -0.235360 0.092200 -0.117641 0.240925 0.963388 -0.004300 0.000000 0.000000 0.000000 1.000000
0.981023 0.041542 0.189388 0.000000 0.000512 0.976220 -0.216782 0.092200 -0.193890 0.212766 0.957673 -0.004300 0.000000 0.000000 0.000000 1.000000</float_array>
        <technique_common>
          <accessor source="#mixamorig_Spine-Matrix-animation-output-transform-array" count="36" stride="16">
            <param type="float4x4"/>
          </accessor>
        </technique_common>
      </source>
      <source id="mixamorig_Spine-Interpolations">
        <Name_array id="mixamorig_Spine-Interpolations-array" count="36">
 LINEAR LINEAR LINEAR LINEAR LINEAR LINEAR LINEAR LINEAR LINEAR LINEAR LINEAR
LINEAR LINEAR LINEAR LINEAR LINEAR LINEAR LINEAR LINEAR LINEAR LINEAR LINEAR LINEAR
LINEAR LINEAR LINEAR LINEAR LINEAR LINEAR LINEAR LINEAR LINEAR LINEAR LINEAR LINEAR
LINEAR</Name_array>
        <technique_common>
          <accessor source="#mixamorig_Spine-Interpolations-array" count="36">
            <param type="name"/>
          </accessor>
        </technique_common>
      </source>
      <sampler id="mixamorig_Spine-Matrix-animation-transform">
        <input semantic="INPUT" source="#mixamorig_Spine-Matrix-animation-input"/>
        <input semantic="OUTPUT" source="#mixamorig_Spine-Matrix-animation-output-transform"/>
        <input semantic="INTERPOLATION" source="#mixamorig_Spine-Interpolations"/>
      </sampler>
      <channel source="#mixamorig_Spine-Matrix-animation-transform" target="mixamorig_Spine/matrix"/>
      <source id="mixamorig_Spine1-Matrix-animation-input">
        <float_array id="mixamorig_Spine1-Matrix-animation-input-array" count="36">

0.000000 0.033333 0.066667 0.100000 0.133333 0.166667 0.200000 0.233333 0.266667 0.300000 0.333333 0.366667 0.400000 0.433333 0.466667 0.500000
0.533333 0.566667 0.600000 0.633333 0.666667 0.700000 0.733333 0.766667 0.800000 0.833333 0.866667 0.900000 0.933333 0.966667 1.000000 1.033333
1.066667 1.100000 1.133333 1.166667</float_array>
        <technique_common>
          <accessor source="#mixamorig_Spine1-Matrix-animation-input-array" count="36">
            <param name="TIME" type="float"/>
          </accessor>
        </technique_common>
      </source>
      <source id="mixamorig_Spine1-Matrix-animation-output-transform">
        <float_array id="mixamorig_Spine1-Matrix-animation-output-transform-array" count="576">

0.998562 -0.001694 0.053579 -0.000000 0.002532 0.999876 -0.015560 0.107600 -0.053546 0.015673 0.998442 -0.000000 0.000000 0.000000 0.000000 1.000000
0.997865 0.014312 0.063726 -0.000000 -0.013942 0.999883 -0.006256 0.107600 -0.063808 0.005354 0.997948 0.000000 0.000000 0.000000 0.000000 1.000000
0.997048 0.029217 0.071010 0.000000 -0.029611 0.999551 0.004502 0.107600 -0.070846 -0.006592 0.997465 0.000000 0.000000 0.000000 0.000000 1.000000
0.996332 0.038968 0.076178 0.000000 -0.040013 0.999124 0.012243 0.107600 -0.075634 -0.015246 0.997019 0.000000 0.000000 0.000000 0.000000 1.000000
0.995982 0.041565 0.079319 0.000000 -0.042769 0.998993 0.013543 0.107600 -0.078676 -0.016881 0.996757 0.000000 0.000000 0.000000 0.000000 1.000000
0.996101 0.037950 0.079635 0.000000 -0.038677 0.999223 0.007613 0.107600 -0.079284 -0.010664 0.996795 0.000000 0.000000 0.000000 0.000000 1.000000
0.996601 0.032426 0.075729 0.000000 -0.032372 0.999474 -0.001938 0.107600 -0.075752 -0.000521 0.997127 0.000000 0.000000 0.000000 0.000000 1.000000
0.997295 0.027840 0.068024 0.000000 -0.027203 0.999577 -0.010273 0.107600 -0.068281 0.008395 0.997631 0.000000 0.000000 0.000000 0.000000 1.000000
0.998004 0.024648 0.058137 0.000000 -0.023783 0.999596 -0.015535 0.107600 -0.058496 0.014122 0.998188 0.000000 0.000000 0.000000 0.000000 1.000000
0.998600 0.022998 0.047630 0.000000 -0.022183 0.999599 -0.017576 0.107600 -0.048015 0.016495 0.998710 0.000000 0.000000 0.000000 0.000000 1.000000
0.999027 0.023084 0.037571 0.000000 -0.022436 0.999594 -0.017587 0.107600 -0.037962 0.016727 0.999139 0.000000 0.000000 0.000000 0.000000 1.000000
0.999281 0.026004 0.027598 0.000000 -0.025546 0.999533 -0.016790 0.107600 -0.028022 0.016073 0.999478 0.000000 0.000000 0.000000 0.000000 1.000000
0.999396 0.030627 0.016432 -0.000000 -0.030364 0.999411 -0.016008 0.107600 -0.016913 0.015500 0.999737 0.000000 0.000000 0.000000 0.000000 1.000000
0.999440 0.033279 0.003407 0.000000 -0.033219 0.999317 -0.016203 0.107600 -0.003944 0.016081 0.999863 -0.000000 0.000000 0.000000 0.000000 1.000000
0.999451 0.031069 -0.011496 0.000000 -0.031270 0.999354 -0.017737 0.107600 0.010937 0.018087 0.999777 0.000000 0.000000 0.000000 0.000000 1.000000
0.999356 0.022991 -0.027534 0.000000 -0.023547 0.999522 -0.020038 0.107600 0.027060 0.020673 0.999420 0.000000 0.000000 0.000000 0.000000 1.000000
0.999001 0.012229 -0.042978 -0.000000 -0.013114 0.999706 -0.020375 0.107600 0.042716 0.020919 0.998868 0.000000 0.000000 0.000000 0.000000 1.000000
0.998431 0.002467 -0.055934 0.000000 -0.003355 0.999870 -0.015801 0.107600 0.055887 0.015964 0.998309 -0.000000 0.000000 0.000000 0.000000 1.000000
0.997822 -0.005440 -0.065736 -0.000000 0.005046 0.999968 -0.006153 0.107600 0.065768 0.005808 0.997818 -0.000000 0.000000 0.000000 0.000000 1.000000
0.997307 -0.011829 -0.072375 0.000000 0.012311 0.999905 0.006214 0.107600 0.072294 -0.007088 0.997358 -0.000000 0.000000 0.000000 0.000000 1.000000
0.996931 -0.017599 -0.076282 0.000000 0.018930 0.999680 0.016765 0.107600 0.075963 -0.018158 0.996945 0.000000 0.000000 0.000000 0.000000 1.000000
0.996735 -0.022094 -0.077658 0.000000 0.023698 0.999523 0.019797 0.107600 0.077184 -0.021572 0.996783 0.000000 0.000000 0.000000 0.000000 1.000000
0.996804 -0.023652 -0.076300 0.000000 0.024792 0.999594 0.014027 0.107600 0.075937 -0.015873 0.996986 -0.000000 0.000000 0.000000 0.000000 1.000000
0.997104 -0.022734 -0.072579 0.000000 0.023008 0.999731 0.002947 0.107600 0.072492 -0.004608 0.997358 0.000000 0.000000 0.000000 0.000000 1.000000
0.997504 -0.020944 -0.067426 0.000000 0.020405 0.999754 -0.008683 0.107600 0.067591 0.007285 0.997686 -0.000000 0.000000 0.000000 0.000000 1.000000
0.997863 -0.020540 -0.062034 -0.000000 0.019567 0.999676 -0.016258 0.107600 0.062348 0.015010 0.997942 -0.000000 0.000000 0.000000 0.000000 1.000000
0.998115 -0.022054 -0.057277 0.000000 0.020987 0.999596 -0.019163 0.107600 0.057677 0.017925 0.998174 0.000000 0.000000 0.000000 0.000000 1.000000
0.998306 -0.024335 -0.052854 -0.000000 0.023322 0.999534 -0.019698 0.107600 0.053309 0.018431 0.998408 -0.000000 0.000000 0.000000 0.000000 1.000000
0.998486 -0.026977 -0.047929 -0.000000 0.026061 0.999468 -0.019633 0.107600 0.048433 0.018354 0.998658 -0.000000 0.000000 0.000000 0.000000 1.000000
0.998694 -0.029804 -0.041500 -0.000000 0.028987 0.999377 -0.020155 0.107600 0.042075 0.018925 0.998935 0.000000 0.000000 0.000000 0.000000 1.000000
0.998936 -0.032602 -0.032608 0.000000 0.031904 0.999255 -0.021709 0.107600 0.033292 0.020646 0.999232 0.000000 0.000000 0.000000 0.000000 1.000000
0.999210 -0.033849 -0.020801 -0.000000 0.033350 0.999158 -0.023885 0.107600 0.021592 0.023173 0.999498 0.000000 0.000000 0.000000 0.000000 1.000000
0.999491 -0.031283 -0.006251 -0.000000 0.031115 0.999196 -0.025301 0.107600 0.007037 0.025093 0.999660 0.000000 0.000000 0.000000 0.000000 1.000000
0.999642 -0.024412 0.010979 0.000000 0.024678 0.999389 -0.024764 0.107600 -0.010368 0.025026 0.999633 -0.000000 0.000000 0.000000 0.000000 1.000000
0.999423 -0.013964 0.030964 0.000000 0.014634 0.999662 -0.021499 0.107600 -0.030653 0.021940 0.999289 0.000000 0.000000 0.000000 0.000000 1.000000
0.998562 -0.001694 0.053579 -0.000000 0.002532 0.999876 -0.015560 0.107600 -0.053546 0.015673 0.998442 -0.000000 0.000000 0.000000 0.000000 1.000000</float_array>
        <technique_common>
          <accessor source="#mixamorig_Spine1-Matrix-animation-output-transform-array" count="36" stride="16">
            <param type="float4x4"/>
          </accessor>
        </technique_common>
      </source>
      <source id="mixamorig_Spine1-Interpolations">
        <Name_array id="mixamorig_Spine1-Interpolations-array" count="36">
 LINEAR LINEAR LINEAR LINEAR LINEAR LINEAR LINEAR LINEAR LINEAR LINEAR LINEAR
LINEAR LINEAR LINEAR LINEAR LINEAR LINEAR LINEAR LINEAR LINEAR LINEAR LINEAR LINEAR
LINEAR LINEAR LINEAR LINEAR LINEAR LINEAR LINEAR LINEAR LINEAR LINEAR LINEAR LINEAR
LINEAR</Name_array>
        <technique_common>
          <accessor source="#mixamorig_Spine1-Interpolations-array" count="36">
            <param type="name"/>
          </accessor>
        </technique_common>
      </source>
      <sampler id="mixamorig_Spine1-Matrix-animation-transform">
        <input semantic="INPUT" source="#mixamorig_Spine1-Matrix-animation-input"/>
        <input semantic="OUTPUT" source="#mixamorig_Spine1-Matrix-animation-output-transform"/>
        <input semantic="INTERPOLATION" source="#mixamorig_Spine1-Interpolations"/>
      </sampler>
      <channel source="#mixamorig_Spine1-Matrix-animation-transform" target="mixamorig_Spine1/matrix"/>
      <source id="mixamorig_Spine2-Matrix-animation-input">
        <float_array id="mixamorig_Spine2-Matrix-animation-input-array" count="36">

0.000000 0.033333 0.066667 0.100000 0.133333 0.166667 0.200000 0.233333 0.266667 0.300000 0.333333 0.366667 0.400000 0.433333 0.466667 0.500000
0.533333 0.566667 0.600000 0.633333 0.666667 0.700000 0.733333 0.766667 0.800000 0.833333 0.866667 0.900000 0.933333 0.966667 1.000000 1.033333
1.066667 1.100000 1.133333 1.166667</float_array>
        <technique_common>
          <accessor source="#mixamorig_Spine2-Matrix-animation-input-array" count="36">
            <param name="TIME" type="float"/>
          </accessor>
        </technique_common>
      </source>
      <source id="mixamorig_Spine2-Matrix-animation-output-transform">
        <float_array id="mixamorig_Spine2-Matrix-animation-output-transform-array" count="576">

0.998569 -0.001367 0.053458 0.000000 0.002209 0.999874 -0.015696 0.123000 -0.053430 0.015792 0.998447 -0.000000 0.000000 0.000000 0.000000 1.000000
0.997833 0.014766 0.064113 -0.000000 -0.014426 0.999879 -0.005762 0.123000 -0.064190 0.004824 0.997926 -0.000000 0.000000 0.000000 0.000000 1.000000
0.996982 0.029996 0.071604 -0.000000 -0.030465 0.999521 0.005460 0.123000 -0.071406 -0.007625 0.997418 -0.000000 0.000000 0.000000 0.000000 1.000000
0.996248 0.040123 0.076686 0.000000 -0.041268 0.999058 0.013403 0.123000 -0.076076 -0.016517 0.996965 0.000000 0.000000 0.000000 0.000000 1.000000
0.995903 0.042943 0.079586 0.000000 -0.044245 0.998913 0.014673 0.123000 -0.078869 -0.018135 0.996720 -0.000000 0.000000 0.000000 0.000000 1.000000
0.996043 0.039233 0.079743 -0.000000 -0.040046 0.999161 0.008622 0.123000 -0.079338 -0.011781 0.996778 -0.000000 0.000000 0.000000 0.000000 1.000000
0.996557 0.033342 0.075914 0.000000 -0.033363 0.999443 -0.000992 0.123000 -0.075904 -0.001544 0.997114 0.000000 0.000000 0.000000 0.000000 1.000000
0.997256 0.028403 0.068362 0.000000 -0.027826 0.999569 -0.009369 0.123000 -0.068599 0.007441 0.997617 0.000000 0.000000 0.000000 0.000000 1.000000
0.997971 0.025018 0.058555 0.000000 -0.024196 0.999599 -0.014709 0.123000 -0.058899 0.013262 0.998176 -0.000000 0.000000 0.000000 0.000000 1.000000
0.998574 0.023347 0.048010 0.000000 -0.022560 0.999603 -0.016878 0.123000 -0.048385 0.015771 0.998704 -0.000000 0.000000 0.000000 0.000000 1.000000
0.999006 0.023487 0.037878 0.000000 -0.022855 0.999594 -0.017039 0.123000 -0.038263 0.016156 0.999137 0.000000 0.000000 0.000000 0.000000 1.000000
0.999259 0.026416 0.027988 -0.000000 -0.025964 0.999529 -0.016370 0.123000 -0.028407 0.015631 0.999474 0.000000 0.000000 0.000000 0.000000 1.000000
0.999374 0.030988 0.017082 -0.000000 -0.030719 0.999404 -0.015757 0.123000 -0.017560 0.015223 0.999730 -0.000000 0.000000 0.000000 0.000000 1.000000
0.999428 0.033554 0.004313 0.000000 -0.033480 0.999308 -0.016201 0.123000 -0.004854 0.016047 0.999859 0.000000 0.000000 0.000000 0.000000 1.000000
0.999456 0.031256 -0.010510 0.000000 -0.031442 0.999343 -0.018025 0.123000 0.009940 0.018346 0.999782 0.000000 0.000000 0.000000 0.000000 1.000000
0.999375 0.023111 -0.026747 0.000000 -0.023664 0.999509 -0.020555 0.123000 0.026259 0.021175 0.999431 0.000000 0.000000 0.000000 0.000000 1.000000
0.999018 0.012292 -0.042562 0.000000 -0.013193 0.999693 -0.020953 0.123000 0.042291 0.021494 0.998874 0.000000 0.000000 0.000000 0.000000 1.000000
0.998436 0.002374 -0.055862 0.000000 -0.003290 0.999862 -0.016314 0.123000 0.055816 0.016472 0.998305 0.000000 0.000000 0.000000 0.000000 1.000000
0.997810 -0.005874 -0.065882 0.000000 0.005451 0.999963 -0.006600 0.123000 0.065919 0.006227 0.997806 -0.000000 0.000000 0.000000 0.000000 1.000000
0.997280 -0.012761 -0.072592 0.000000 0.013212 0.999896 0.005738 0.123000 0.072511 -0.006682 0.997345 0.000000 0.000000 0.000000 0.000000 1.000000
0.996890 -0.019019 -0.076472 0.000000 0.020310 0.999663 0.016143 0.123000 0.076139 -0.017646 0.996941 0.000000 0.000000 0.000000 0.000000 1.000000
0.996687 -0.023647 -0.077825 0.000000 0.025201 0.999501 0.019044 0.123000 0.077336 -0.020942 0.996785 0.000000 0.000000 0.000000 0.000000 1.000000
0.996759 -0.024846 -0.076507 0.000000 0.025938 0.999575 0.013307 0.123000 0.076144 -0.015249 0.996980 0.000000 0.000000 0.000000 0.000000 1.000000
0.997069 -0.023301 -0.072880 -0.000000 0.023539 0.999720 0.002409 0.123000 0.072803 -0.004117 0.997338 -0.000000 0.000000 0.000000 0.000000 1.000000
0.997477 -0.020933 -0.067833 -0.000000 0.020370 0.999752 -0.008984 0.123000 0.068005 0.007580 0.997656 0.000000 0.000000 0.000000 0.000000 1.000000
0.997838 -0.020290 -0.062505 -0.000000 0.019301 0.999679 -0.016389 0.123000 0.062817 0.015147 0.997910 0.000000 0.000000 0.000000 0.000000 1.000000
0.998091 -0.021861 -0.057762 0.000000 0.020782 0.999599 -0.019225 0.123000 0.058159 0.017987 0.998145 0.000000 0.000000 0.000000 0.000000 1.000000
0.998281 -0.024261 -0.053353 0.000000 0.023237 0.999535 -0.019731 0.123000 0.053807 0.018458 0.998381 0.000000 0.000000 0.000000 0.000000 1.000000
0.998459 -0.026970 -0.048491 0.000000 0.026043 0.999468 -0.019649 0.123000 0.048996 0.018355 0.998630 0.000000 0.000000 0.000000 0.000000 1.000000
0.998665 -0.029782 -0.042202 0.000000 0.028951 0.999377 -0.020162 0.123000 0.042777 0.018913 0.998906 0.000000 0.000000 0.000000 0.000000 1.000000
0.998909 -0.032518 -0.033511 0.000000 0.031799 0.999258 -0.021753 0.123000 0.034193 0.020663 0.999202 0.000000 0.000000 0.000000 0.000000 1.000000
0.999193 -0.033694 -0.021869 0.000000 0.033166 0.999160 -0.024055 0.123000 0.022661 0.023311 0.999471 0.000000 0.000000 0.000000 0.000000 1.000000
0.999491 -0.031046 -0.007330 0.000000 0.030849 0.999195 -0.025643 0.123000 0.008121 0.025404 0.999644 -0.000000 0.000000 0.000000 0.000000 1.000000
0.999659 -0.024095 0.010075 0.000000 0.024342 0.999385 -0.025229 0.123000 -0.009461 0.025466 0.999631 0.000000 0.000000 0.000000 0.000000 1.000000
0.999445 -0.013601 0.030402 -0.000000 0.014271 0.999658 -0.021923 0.123000 -0.030093 0.022345 0.999297 0.000000 0.000000 0.000000 0.000000 1.000000
0.998569 -0.001367 0.053458 0.000000 0.002209 0.999874 -0.015696 0.123000 -0.053430 0.015792 0.998447 -0.000000 0.000000 0.000000 0.000000 1.000000</float_array>
        <technique_common>
          <accessor source="#mixamorig_Spine2-Matrix-animation-output-transform-array" count="36" stride="16">
            <param type="float4x4"/>
          </accessor>
        </technique_common>
      </source>
      <source id="mixamorig_Spine2-Interpolations">
        <Name_array id="mixamorig_Spine2-Interpolations-array" count="36">
 LINEAR LINEAR LINEAR LINEAR LINEAR LINEAR LINEAR LINEAR LINEAR LINEAR LINEAR
LINEAR LINEAR LINEAR LINEAR LINEAR LINEAR LINEAR LINEAR LINEAR LINEAR LINEAR LINEAR
LINEAR LINEAR LINEAR LINEAR LINEAR LINEAR LINEAR LINEAR LINEAR LINEAR LINEAR LINEAR
LINEAR</Name_array>
        <technique_common>
          <accessor source="#mixamorig_Spine2-Interpolations-array" count="36">
            <param type="name"/>
          </accessor>
        </technique_common>
      </source>
      <sampler id="mixamorig_Spine2-Matrix-animation-transform">
        <input semantic="INPUT" source="#mixamorig_Spine2-Matrix-animation-input"/>
        <input semantic="OUTPUT" source="#mixamorig_Spine2-Matrix-animation-output-transform"/>
        <input semantic="INTERPOLATION" source="#mixamorig_Spine2-Interpolations"/>
      </sampler>
      <channel source="#mixamorig_Spine2-Matrix-animation-transform" target="mixamorig_Spine2/matrix"/>
      <source id="mixamorig_Neck-Matrix-animation-input">
        <float_array id="mixamorig_Neck-Matrix-animation-input-array" count="36">

0.000000 0.033333 0.066667 0.100000 0.133333 0.166667 0.200000 0.233333 0.266667 0.300000 0.333333 0.366667 0.400000 0.433333 0.466667 0.500000
0.533333 0.566667 0.600000 0.633333 0.666667 0.700000 0.733333 0.766667 0.800000 0.833333 0.866667 0.900000 0.933333 0.966667 1.000000 1.033333
1.066667 1.100000 1.133333 1.166667</float_array>
        <technique_common>
          <accessor source="#mixamorig_Neck-Matrix-animation-input-array" count="36">
            <param name="TIME" type="float"/>
          </accessor>
        </technique_common>
      </source>
      <source id="mixamorig_Neck-Matrix-animation-output-transform">
        <float_array id="mixamorig_Neck-Matrix-animation-output-transform-array" count="576">

0.999949 0.009697 -0.002948 0.000000 -0.009183 0.989931 0.141254 0.138400 0.004288 -0.141220 0.989969 0.000000 0.000000 0.000000 0.000000 1.000000
0.999793 0.018067 -0.009365 0.000000 -0.016496 0.989010 0.146924 0.138400 0.011917 -0.146739 0.989103 0.000000 0.000000 0.000000 0.000000 1.000000
0.999599 0.023930 -0.015161 0.000000 -0.021376 0.988354 0.150663 0.138400 0.018590 -0.150278 0.988469 0.000000 0.000000 0.000000 0.000000 1.000000
0.999361 0.030289 -0.018979 0.000000 -0.027008 0.987686 0.154101 0.138400 0.023413 -0.153490 0.987873 0.000000 0.000000 0.000000 0.000000 1.000000
0.999085 0.037736 -0.020137 0.000000 -0.034084 0.986817 0.158213 0.138400 0.025842 -0.157382 0.987200 -0.000000 0.000000 0.000000 0.000000 1.000000
0.998871 0.043540 -0.018983 -0.000000 -0.039887 0.985906 0.162478 0.138400 0.025790 -0.161537 0.986530 -0.000000 0.000000 0.000000 0.000000 1.000000
0.998899 0.043788 -0.016859 0.000000 -0.040423 0.985521 0.164665 0.138400 0.023826 -0.163802 0.986205 0.000000 0.000000 0.000000 0.000000 1.000000
0.999076 0.040401 -0.014629 0.000000 -0.037473 0.985849 0.163395 0.138400 0.021024 -0.162696 0.986452 -0.000000 0.000000 0.000000 0.000000 1.000000
0.999237 0.036950 -0.012648 -0.000000 -0.034483 0.986758 0.158492 0.138400 0.018337 -0.157935 0.987279 0.000000 0.000000 0.000000 0.000000 1.000000
0.999311 0.035389 -0.011196 0.000000 -0.033306 0.988074 0.150336 0.138400 0.016383 -0.149859 0.988572 0.000000 0.000000 0.000000 0.000000 1.000000
0.999327 0.035129 -0.010579 0.000000 -0.033307 0.989612 0.139855 0.138400 0.015382 -0.139409 0.990115 -0.000000 0.000000 0.000000 0.000000 1.000000
0.999439 0.031555 -0.011194 0.000000 -0.029851 0.991204 0.128930 0.138400 0.015164 -0.128524 0.991590 0.000000 0.000000 0.000000 0.000000 1.000000
0.999681 0.021677 -0.012978 -0.000000 -0.019958 0.992518 0.120452 0.138400 0.015492 -0.120155 0.992634 -0.000000 0.000000 0.000000 0.000000 1.000000
0.999856 0.008244 -0.014821 0.000000 -0.006471 0.993236 0.115934 0.138400 0.015677 -0.115822 0.993146 0.000000 0.000000 0.000000 0.000000 1.000000
0.999866 -0.004764 -0.015631 -0.000000 0.006539 0.993278 0.115566 0.138400 0.014975 -0.115653 0.993177 0.000000 0.000000 0.000000 0.000000 1.000000
0.999799 -0.013805 -0.014555 -0.000000 0.015432 0.992853 0.118341 0.138400 0.012817 -0.118542 0.992866 0.000000 0.000000 0.000000 0.000000 1.000000
0.999729 -0.019866 -0.012132 0.000000 0.021208 0.992198 0.122857 0.138400 0.009597 -0.123081 0.992350 0.000000 0.000000 0.000000 0.000000 1.000000
0.999592 -0.026849 -0.009778 0.000000 0.027886 0.991284 0.128759 0.138400 0.006236 -0.128980 0.991628 -0.000000 0.000000 0.000000 0.000000 1.000000
0.999315 -0.036160 -0.007913 -0.000000 0.036901 0.990029 0.135944 0.138400 0.002918 -0.136142 0.990685 0.000000 0.000000 0.000000 0.000000 1.000000
0.998869 -0.047125 -0.006365 -0.000000 0.047550 0.988437 0.143982 0.138400 -0.000494 -0.144122 0.989560 0.000000 0.000000 0.000000 0.000000 1.000000
0.998347 -0.057291 -0.004506 0.000000 0.057310 0.986720 0.151987 0.138400 -0.004261 -0.151994 0.988372 0.000000 0.000000 0.000000 0.000000 1.000000
0.997968 -0.063685 -0.002123 -0.000000 0.063217 0.985359 0.158339 0.138400 -0.007992 -0.158152 0.987383 0.000000 0.000000 0.000000 0.000000 1.000000
0.997835 -0.065770 0.000029 0.000000 0.064899 0.984697 0.161740 0.138400 -0.010666 -0.161388 0.986833 0.000000 0.000000 0.000000 0.000000 1.000000
0.997915 -0.064523 0.001529 0.000000 0.063425 0.984762 0.161929 0.138400 -0.011954 -0.161495 0.986801 0.000000 0.000000 0.000000 0.000000 1.000000
0.998117 -0.061291 0.002430 0.000000 0.060124 0.985412 0.159211 0.138400 -0.012153 -0.158765 0.987242 0.000000 0.000000 0.000000 0.000000 1.000000
0.998348 -0.057368 0.003262 0.000000 0.056179 0.986429 0.154277 0.138400 -0.012069 -0.153839 0.988022 -0.000000 0.000000 0.000000 0.000000 1.000000
0.998572 -0.053227 0.004616 0.000000 0.051961 0.987646 0.147833 0.138400 -0.012428 -0.147382 0.989002 0.000000 0.000000 0.000000 0.000000 1.000000
0.998815 -0.048265 0.006298 0.000000 0.046907 0.989008 0.140222 0.138400 -0.012996 -0.139760 0.990100 0.000000 0.000000 0.000000 0.000000 1.000000
0.999094 -0.041822 0.007870 0.000000 0.040421 0.990439 0.131899 0.138400 -0.013311 -0.131461 0.991232 0.000000 0.000000 0.000000 0.000000 1.000000
0.999389 -0.033793 0.008980 0.000000 0.032423 0.991780 0.123782 0.138400 -0.013089 -0.123415 0.992269 0.000000 0.000000 0.000000 0.000000 1.000000
0.999647 -0.024822 0.009484 -0.000000 0.023540 0.992818 0.117300 0.138400 -0.012328 -0.117035 0.993051 0.000000 0.000000 0.000000 0.000000 1.000000
0.999813 -0.016828 0.009571 -0.000000 0.015623 0.993302 0.114490 0.138400 -0.011434 -0.114319 0.993378 0.000000 0.000000 0.000000 0.000000 1.000000
0.999899 -0.010916 0.009071 0.000000 0.009787 0.993165 0.116309 0.138400 -0.010279 -0.116208 0.993172 -0.000000 0.000000 0.000000 0.000000 1.000000
0.999955 -0.006024 0.007327 0.000000 0.005084 0.992495 0.122178 0.138400 -0.008009 -0.122135 0.992481 0.000000 0.000000 0.000000 0.000000 1.000000
0.999994 0.000090 0.003470 -0.000000 -0.000544 0.991388 0.130957 0.138400 -0.003429 -0.130958 0.991382 -0.000000 0.000000 0.000000 0.000000 1.000000
0.999949 0.009697 -0.002948 0.000000 -0.009183 0.989931 0.141254 0.138400 0.004288 -0.141220 0.989969 0.000000 0.000000 0.000000 0.000000 1.000000</float_array>
        <technique_common>
          <accessor source="#mixamorig_Neck-Matrix-animation-output-transform-array" count="36" stride="16">
            <param type="float4x4"/>
          </accessor>
        </technique_common>
      </source>
      <source id="mixamorig_Neck-Interpolations">
        <Name_array id="mixamorig_Neck-Interpolations-array" count="36">
 LINEAR LINEAR LINEAR LINEAR LINEAR LINEAR LINEAR LINEAR LINEAR LINEAR LINEAR
LINEAR LINEAR LINEAR LINEAR LINEAR LINEAR LINEAR LINEAR LINEAR LINEAR LINEAR LINEAR
LINEAR LINEAR LINEAR LINEAR LINEAR LINEAR LINEAR LINEAR LINEAR LINEAR LINEAR LINEAR
LINEAR</Name_array>
        <technique_common>
          <accessor source="#mixamorig_Neck-Interpolations-array" count="36">
            <param type="name"/>
          </accessor>
        </technique_common>
      </source>
      <sampler id="mixamorig_Neck-Matrix-animation-transform">
        <input semantic="INPUT" source="#mixamorig_Neck-Matrix-animation-input"/>
        <input semantic="OUTPUT" source="#mixamorig_Neck-Matrix-animation-output-transform"/>
        <input semantic="INTERPOLATION" source="#mixamorig_Neck-Interpolations"/>
      </sampler>
      <channel source="#mixamorig_Neck-Matrix-animation-transform" target="mixamorig_Neck/matrix"/>
      <source id="mixamorig_Head-Matrix-animation-input">
        <float_array id="mixamorig_Head-Matrix-animation-input-array" count="36">

0.000000 0.033333 0.066667 0.100000 0.133333 0.166667 0.200000 0.233333 0.266667 0.300000 0.333333 0.366667 0.400000 0.433333 0.466667 0.500000
0.533333 0.566667 0.600000 0.633333 0.666667 0.700000 0.733333 0.766667 0.800000 0.833333 0.866667 0.900000 0.933333 0.966667 1.000000 1.033333
1.066667 1.100000 1.133333 1.166667</float_array>
        <technique_common>
          <accessor source="#mixamorig_Head-Matrix-animation-input-array" count="36">
            <param name="TIME" type="float"/>
          </accessor>
        </technique_common>
      </source>
      <source id="mixamorig_Head-Matrix-animation-output-transform">
        <float_array id="mixamorig_Head-Matrix-animation-output-transform-array" count="576">

0.999395 0.032180 0.013226 0.000000 -0.034701 0.894500 0.445718 0.067300 0.002513 -0.445907 0.895076 0.022300 0.000000 0.000000 0.000000 1.000000
0.998563 0.048575 -0.022649 0.000000 -0.033750 0.898172 0.438347 0.067300 0.041635 -0.436952 0.898521 0.022300 0.000000 0.000000 0.000000 1.000000
0.996719 0.059826 -0.054513 0.000000 -0.030629 0.902235 0.430156 0.067300 0.074918 -0.427075 0.901107 0.022300 0.000000 0.000000 0.000000 1.000000
0.994422 0.070434 -0.078507 0.000000 -0.030485 0.904511 0.425360 0.067300 0.100970 -0.420594 0.901613 0.022300 0.000000 0.000000 0.000000 1.000000
0.992501 0.080801 -0.091720 0.000000 -0.034132 0.903710 0.426783 0.067300 0.117373 -0.420452 0.899691 0.022300 0.000000 0.000000 0.000000 1.000000
0.992009 0.085425 -0.092845 0.000000 -0.036931 0.900280 0.433741 0.067300 0.120638 -0.426847 0.896241 0.022300 0.000000 0.000000 0.000000 1.000000
0.993381 0.077586 -0.084700 0.000000 -0.032446 0.896904 0.441034 0.067300 0.110186 -0.435367 0.893485 0.022300 0.000000 0.000000 0.000000 1.000000
